1.7275 -0.213644 0.775818
1.81464 -0.173036 -1.87235
1.72597 -0.104317 1.17375
1.80607 -0.26737 -1.9593
1.63635 -0.171562 3.71446
1.73134 -0.295859 0.245039
1.82768 -0.0793415 -2.05627
1.89578 -0.235135 -4.03459
1.65272 -0.270744 2.871
1.61749 -0.0685452 4.37304
1.90644 -0.138687 -4.04643
1.76912 -0.0246552 -0.161141
1.78739 -0.356484 -1.87821
1.881 -0.330683 -4.03565
1.69209 8.54755e-05 2.34964
1.55864 -0.236979 5.18001
1.53866 -0.136599 5.5844
1.68444 -0.372187 1.28519
1.91408 -0.0433802 -4.08917
1.9899 -0.200723 -4.96352
1.83782 0.00803649 -2.28897
1.9773 -0.300451 -4.97556
1.58044 -0.336264 4.43081
1.59644 0.0353429 4.82574
1.51875 -0.0348871 5.74743
1.86029 -0.425555 -4.02349
1.76439 0.0522747 -0.0301438
1.99747 -0.100489 -4.94867
1.76223 -0.448217 -1.76007
1.4624 -0.205118 5.70599
1.95971 -0.39942 -4.99124
1.68234 0.110325 2.55335
1.48423 -0.304193 5.75149
1.91618 0.0502702 -4.12273
1.59972 -0.434038 3.35456
1.44152 -0.104136 5.42136
2 0 -4.93607
1.67937 -0.466021 0.675091
1.83761 0.0931395 -2.35079
1.49855 0.0662413 5.76254
1.8347 -0.521586 -4.02256
1.50544 -0.402471 5.41907
1.57276 0.138756 5.1276
1.93717 -0.49738 -5.00964
1.7702 0.126751 -0.347396
1.42316 -0.00222781 5.08115
1.38957 -0.275463 4.95561
1.36467 -0.175995 4.04996
1.72821 -0.548562 -1.6228
1.99747 0.100489 -4.93368
1.91128 0.14335 -4.12249
1.62353 -0.528631 1.8454
1.64308 0.219164 3.3426
1.41179 -0.37234 5.56416
1.52723 -0.501438 4.59971
1.74095 0.199819 0.379731
1.34438 -0.0714151 3.18606
1.47647 0.163667 5.70032
1.82789 0.178091 -2.26136
1.90973 -0.594083 -5.00949
1.40685 0.0967972 4.81866
1.81104 -0.616123 -4.11582
1.29584 -0.25241 2.30581
1.43195 -0.470137 5.76118
1.54263 0.237783 5.35641
1.9899 0.200723 -4.94188
1.3211 -0.345951 3.7407
1.65409 -0.621055 -0.101208
1.3318 0.0336582 2.72206
1.25662 -0.149571 0.28855
1.55402 -0.602654 3.11115
1.71503 0.296256 0.768838
1.89972 0.237265 -4.09409
1.73357 -0.639385 -2.58416
1.8094 0.267925 -2.05851
1.34129 -0.43957 4.85463
1.60723 0.33165 3.79892
1.45076 -0.573683 5.4117
1.39054 0.18721 4.63116
1.87747 -0.689286 -4.99229
1.45022 0.255222 5.58896
1.25072 -0.0311556 -0.284287
1.32333 0.132276 2.63167
1.23625 -0.325336 0.761517
1.20861 -0.244603 -1.00142
1.78288 -0.704033 -4.16858
1.9773 0.300451 -4.95222
1.59389 -0.700645 0.764223
1.35775 -0.534805 5.56844
1.69201 -0.707425 -2.21679
1.5084 0.317873 5.50765
1.25433 -0.413697 2.32137
1.79083 0.362749 -2.00246
1.88342 0.332759 -4.06583
1.47569 -0.692386 4.16325
1.7005 0.395378 0.589811
1.24467 0.0774847 -0.450013
1.16602 -0.0926746 -3.43225
1.16764 -0.180279 -2.97961
1.36528 0.267499 4.34751
1.32345 0.207657 2.91066
1.27361 -0.503697 3.85892
1.84046 -0.782747 -4.99182
1.35967 -0.643318 5.8323
1.52338 0.407185 5.1436
1.16855 -0.309862 -1.95471
1.42024 0.356943 5.58719
1.61992 0.446787 2.68168
1.74289 -0.789239 -4.11537
1.17081 -0.387611 -1.0144
1.6448 -0.790433 -1.94894
1.16228 0.0151272 -3.68225
1.24495 0.190773 0.0126097
1.95971 0.39942 -4.95281
1.5428 -0.790788 1.01325
1.12771 -0.251706 -3.94626
1.86418 0.428262 -4.06258
1.77364 0.454919 -2.10458
1.29169 -0.581254 4.93899
1.18535 -0.482378 0.81023
1.07964 -0.163615 -5.86225
1.38599 -0.73647 5.25161
1.29491 0.26028 2.28463
1.69793 0.478535 -0.0056459
1.3144 0.337251 3.47255
1.15665 0.124119 -3.65184
1.07986 -0.0470512 -6.06134
1.4431 -0.800983 3.56976
1.79881 -0.874232 -5.00174
1.44234 0.474951 5.68674
1.54405 0.513865 4.13623
1.1002 -0.341157 -4.07756
1.69823 -0.876538 -4.07649
1.21404 -0.5727 3.03918
1.25545 -0.653359 4.96267
1.59861 -0.878193 -1.91717
1.302 -0.733519 5.76653
1.08191 -0.454508 -3.36179
1.93717 0.49738 -4.9428
1.33989 0.437957 4.77426
1.64826 0.552569 0.848846
1.84088 0.521656 -4.0634
1.22805 0.297856 0.179903
1.04201 -0.271528 -6.17413
1.07667 0.0598817 -6.10504
1.14567 0.235438 -3.43019
1.74863 0.541571 -2.08638
1.50019 -0.882795 0.77945
0.994869 -0.101168 -7.07342
1.3497 -0.813267 5.21303
1.12 -0.56322 -0.21493
1.46605 0.585204 5.10091
1.75261 -0.963507 -5.00135
0.97953 -0.201299 -7.08679
1.23983 0.402603 1.70077
1.65136 -0.963644 -4.08679
1.16086 -0.653429 2.72188
1.01108 -0.3723 -6.19354
1.36213 0.548006 5.58185
1.06688 0.165884 -6.07443
1 0 -7.03032
1.56609 0.615197 2.62303
1.20657 -0.737047 4.92638
1.40378 -0.891181 3.24703
1.90973 0.594083 -4.93068
1.55366 -0.965242 -2.06383
1.25554 -0.818697 5.79984
1.71975 0.62728 -2.079
1.13029 0.360515 -2.83931
1.81257 0.612845 -4.05465
1.01802 -0.562266 -3.71456
1.26205 0.507962 3.55559
0.969921 -0.472937 -6.17673
0.954139 -0.299363 -7.08161
1.6434 0.642586 -0.00951097
0.994869 0.101168 -7.01901
1.04855 0.273312 -5.9967
1.0625 -0.654186 -0.440239
1.70199 -1.05035 -4.99148
1.3836 0.669312 5.63975
1.4585 -0.970917 0.406145
1.49926 0.689333 3.56492
1.30773 -0.899556 5.03918
1.1092 -0.740271 2.77211
1.60276 -1.04813 -4.13376
1.16601 0.474195 -0.00424018
1.15812 -0.823355 5.06614
0.918958 -0.394356 -7.1082
1.28 0.613004 4.95498
1.87747 0.689286 -4.92044
0.97953 0.201299 -7.02173
1.59685 0.706117 0.601992
1.77963 0.702187 -4.04156
1.68715 0.710164 -2.06758
0.916264 -0.568679 -6.18611
1.36297 -0.980105 2.78518
1.01555 0.377315 -5.98923
1.5101 -1.04804 -2.32001
0.959703 -0.659661 -3.65567
1.20981 -0.90581 5.80715
1.07004 0.462958 -3.54572
1.18593 0.572748 2.14822
0.874347 -0.485302 -7.11897
1.00991 -0.745898 -0.12756
1.44049 0.772956 3.94839
1.64707 -1.13454 -4.97691
0.954139 0.299363 -7.01613
1.28677 0.710286 5.54917
1.0597 -0.827501 3.12724
1.54269 0.786433 1.0751
1.41997 -1.05847 -0.215248
1.26453 -0.98859 4.70249
1.55231 -1.12711 -4.17874
1.84046 0.782747 -4.91577
1.35035 0.766918 5.39243
1.64304 0.791385 -1.87179
1.10956 0.539069 -0.983137
1.10943 -0.910823 5.31896
1.74091 0.789755 -4.013
1.20011 0.670926 3.9272
0.856074 -0.660318 -6.13625
0.820763 -0.571268 -7.12254
0.9722 0.473479 -6.01228
0.897762 -0.76619 -3.10889
0.918958 0.394356 -6.99532
1.32309 -1.07207 2.03012
1.47335 -1.1185 -2.62331
1.16411 -0.99395 5.73342
0.973232 -0.827289 0.732348
1.48173 0.880129 1.34154
1.02803 0.553658 -3.48557
1.099 0.632604 0.353933
1.58798 -1.21586 -4.98047
1.38394 0.845374 4.22509
1.28647 0.780097 5.61394
1.59396 0.877626 -1.75398
1.0005 -0.917412 3.55608
1.21922 0.762732 5.17991
1.79881 0.874232 -4.91981
1.6965 0.876872 -3.98179
1.39184 -1.16125 -1.58921
1.21955 -1.08014 4.15387
1.49269 -1.19765 -4.1203
0.758758 -0.651372 -7.12781
0.784514 -0.744597 -6.12625
1.06565 -0.997235 5.61668
0.874347 0.485302 -6.98825
1.31892 0.824143 5.33046
1.12972 0.735669 3.15228
0.900382 -0.879736 0.0093716
0.927062 0.567577 -5.88816
0.991474 0.64705 -2.90513
1.39331 0.936547 2.72496
1.54937 0.965998 -1.93634
1.27965 -1.16387 1.14356
0.803149 -0.84615 -3.57901
1.11611 -1.08155 5.52773
1.2553 0.837221 5.67124
1.52489 -1.29411 -5.0086
1.64924 0.964007 -3.99317
1.75261 0.963507 -4.92408
1.04904 0.710604 0.303738
1.3162 0.89143 4.89529
1.46588 0.975182 0.121019
0.985367 -1.00527 4.77205
1.42588 -1.26899 -4.05138
0.911989 -0.975354 2.81545
1.15554 0.843347 5.1688
0.688967 -0.724793 -7.12501
1.32827 -1.24905 -1.90439
1.16983 -1.18117 3.28209
0.820763 0.571268 -7.03264
0.703603 -0.819148 -6.15646
0.876095 0.675205 -5.48021
1.01944 -1.0757 5.74763
0.818012 -0.947452 -0.279507
1.05487 0.795037 2.3058
1.60015 1.04923 -4.04689
0.970112 0.743687 -1.4308
1.30993 0.982965 3.8902
1.39955 1.04345 0.620213
1.50363 1.04917 -2.15407
1.70199 1.05035 -4.92172
1.23289 0.921967 5.59098
1.45794 -1.36909 -5.02464
1.24512 -1.23964 0.225446
1.05843 -1.16243 5.27757
0.716605 -0.921189 -3.56359
0.930535 -1.06259 4.90666
1.35961 -1.34267 -4.0891
0.612106 -0.790776 -7.1276
0.839226 -1.04237 2.93056
1.0553 0.895373 4.19006
0.758758 0.651372 -7.03309
1.13946 0.955852 5.6982
0.880338 0.7929 -2.86023
0.968596 0.842538 0.966963
1.26728 -1.31783 -2.06196
1.1803 -1.28654 0.589651
1.08957 -1.25534 3.24787
1.54874 1.13102 -4.12005
1.64707 1.13454 -4.9155
0.61729 -0.888375 -6.12627
1.29685 1.08292 2.4264
0.961528 -1.14782 5.80035
1.45675 1.12964 -2.43713
0.738881 -1.02276 0.12028
1.21849 1.0203 4.9428
0.784249 0.753512 -5.86467
1.38731 -1.44062 -5.02855
0.867323 -1.1327 5.17008
1.36865 1.14651 -0.672251
0.994663 -1.23567 5.03722
1.04652 0.99623 5.34782
1.29083 -1.41035 -4.11847
0.965415 0.939518 3.16329
0.620338 -1.00566 -3.06152
0.884653 0.889852 -0.140583
0.528964 -0.848644 -7.13085
1.19921 -1.37895 -2.05202
0.770731 -1.11746 3.54132
1.11062 -1.34737 0.571952
1.58798 1.21586 -4.90502
0.688967 0.724793 -6.98766
1.12631 1.05705 5.53145
0.797917 0.854008 -3.4247
1.49641 1.20749 -4.19457
1.20392 1.11935 3.72578
1.02397 -1.32124 2.96886
0.900101 -1.22184 5.77619
1.27948 1.1831 0.710753
1.42297 1.19957 -2.88295
0.522893 -0.946207 -6.14078
0.670351 -1.10625 1.35702
1.31317 -1.5085 -5.03696
0.956375 1.03478 4.75936
0.803796 -1.20896 5.52818
0.703351 0.82373 -5.96982
0.880082 0.979016 2.1566
1.21824 -1.47369 -4.13043
1.03516 1.09414 5.71536
1.12796 -1.43867 -2.07714
0.935511 -1.30916 4.58423
1.35599 1.2391 -2.25812
0.814973 0.932661 -0.768002
1.52489 1.29411 -4.90434
0.505483 -1.04677 -3.73416
1.0431 -1.4053 0.433571
0.572305 -1.11134 -0.349602
0.440394 -0.897805 -7.12114
1.11334 1.15453 4.64841
0.706985 -1.19654 4.41625
1.18854 1.21576 2.07533
1.43716 1.27446 -4.17261
0.612106 0.790776 -6.99289
0.719814 0.933012 -3.10638
0.839683 -1.30153 5.5807
0.971484 -1.37773 2.52398
1.23572 -1.57258 -5.0419
0.866412 1.06958 4.01687
1.2629 1.29274 -1.41122
0.944203 1.13018 5.62387
0.425343 -0.991319 -6.18023
1.14257 -1.53348 -4.13685
0.614748 -1.18778 2.9038
0.792332 1.00892 0.951518
0.740329 -1.28864 5.78273
1.05446 -1.49442 -2.09927
1.02381 1.19066 5.2272
0.617238 0.887299 -6.03612
0.483691 -1.14016 -0.812797
1.36505 1.33684 -4.0335
1.45794 1.36909 -4.93673
0.885027 -1.40107 3.43033
1.10213 1.24771 3.13716
0.971223 -1.45461 0.478543
0.409013 -1.088 -3.74093
0.347305 -0.937752 -7.12021
1.16959 1.29435 0.626669
0.540496 -1.18438 1.64474
0.644289 -1.27454 5.18752
0.698799 1.03979 -0.210338
0.851273 1.16425 5.3352
1.15515 -1.63268 -5.03816
0.775773 -1.38395 5.05351
0.528964 0.848644 -7.01245
0.614836 0.986734 -3.65921
0.774414 1.10118 3.1658
0.93223 1.22714 5.56899
1.06427 -1.58939 -4.13836
1.28928 1.40412 -3.96354
0.327182 -1.03233 -6.09272
1.1927 1.37339 -1.75542
0.978568 -1.54641 -2.12059
1.0158 1.28846 3.80487
1.38731 1.44062 -4.97128
0.555969 -1.25694 3.99877
0.674139 -1.37034 5.7376
0.398739 -1.18475 -0.35426
0.896363 -1.50503 0.40244
0.476957 -1.22766 2.20399
1.10177 1.33989 0.956146
0.525031 0.941958 -6.10347
0.807822 -1.47927 2.57223
0.31402 -1.13403 -3.23185
0.609131 1.08044 -0.712027
0.250653 -0.968077 -7.15467
0.683727 1.1307 2.35505
0.75492 1.19565 4.89218
0.835889 1.26267 5.72421
1.07165 -1.68866 -5.02648
0.576067 -1.34994 5.67966
0.710426 -1.46592 4.16489
0.98378 -1.64125 -4.13744
1.21464 1.47147 -3.99511
0.922393 1.32628 4.42753
1.31317 1.5085 -4.97918
0.440394 0.897805 -7.04527
0.52065 1.03992 -3.66743
0.902586 -1.59501 -2.18247
1.11791 1.43574 -1.78471
0.216914 -1.07546 -5.80549
1.0122 1.39757 1.2709
0.485193 -1.31927 4.75846
0.398911 -1.28183 3.05891
0.310527 -1.23799 0.675626
0.834901 -1.55574 -0.0523496
0.600815 -1.46125 5.20078
0.608718 1.15467 1.76502
0.658215 1.21536 4.1784
0.746932 -1.56596 0.981269
0.726907 1.30226 5.77756
0.429281 0.992557 -6.07988
0.985455 -1.74037 -5.01176
0.530442 1.13375 -0.278765
0.827568 1.36195 4.88263
0.222079 -1.18656 -2.06092
0.151428 -0.988468 -7.12934
1.23572 1.57258 -4.97471
0.900823 -1.68814 -4.12318
1.13881 1.53353 -4.03471
0.498532 -1.41845 5.80564
0.909936 1.4202 2.50248
0.659937 -1.53615 2.9754
1.0466 1.49725 -1.99544
0.822464 -1.63445 -2.08947
0.406592 -1.38139 5.35511
0.347305 0.937752 -7.08392
0.316551 -1.3406 4.09374
0.417496 1.10664 -3.00613
0.147697 -1.14452 -3.99818
0.564157 1.21629 2.98004
0.105609 -1.07483 -6.12601
0.612513 1.29657 5.21074
0.213436 -1.30101 2.24232
0.96971 1.47445 -0.0285729
0.744087 1.4072 4.90451
0.505424 -1.5195 4.77355
0.584561 -1.5686 2.94326
0.896766 -1.78768 -5.0013
0.659269 -1.61903 0.543248
0.736401 -1.67194 -2.0021
0.825189 1.45553 2.91028
1.15515 1.63268 -4.96825
0.326255 1.03278 -6.07081
0.465401 1.20844 1.38333
1.06223 1.59092 -4.08146
0.814595 -1.73041 -4.09992
0.65535 1.3808 5.64551
0.130306 -1.22718 -0.98463
0.419491 -1.479 5.66869
0.0506492 -0.998717 -7.09426
0.32244 -1.44912 5.78097
0.900936 1.50666 0.272424
0.977372 1.55102 -2.17913
0.0639476 -1.15905 -3.78466
0.248205 -1.39277 4.89773
0.512151 1.29377 4.39805
0.250653 0.968077 -7.10522
0.294391 1.13201 -3.47854
0.359086 1.21086 0.139486
0.505224 -1.61554 2.35518
0.579468 -1.65909 0.2367
0.745601 1.49477 2.9797
0.559583 1.37621 5.7114
0.650664 -1.71187 -2.12335
0.00331305 -1.08307 -6.07117
0.102106 -1.32302 2.53591
0.682856 1.4522 4.61055
0.805813 -1.83048 -4.99416
0.426559 -1.57291 4.13457
0.726051 -1.76984 -4.10022
1.07165 1.68866 -4.96454
0.164695 -1.39994 4.84431
0.821256 1.54542 0.448432
0.982897 1.64244 -4.10205
0.219731 1.06132 -6.05658
0.412007 1.29425 3.51271
0.359387 -1.53164 5.22468
0.0330546 -1.24965 -0.346339
0.900184 1.59512 -2.13668
0.224159 -1.4738 5.7619
0.606113 1.4558 5.15429
-0.0506492 -0.998717 -7.137
0.255241 1.22679 -0.261167
-0.0357769 -1.17549 -3.24247
0.461481 1.37664 5.47233
0.511767 -1.69296 -0.138853
0.567631 -1.74506 -2.22717
0.283751 -1.54451 5.30694
0.66244 1.52691 3.16179
0.426037 -1.67831 1.09024
0.151428 0.988468 -7.13352
0.190504 1.15666 -3.39405
0.63681 -1.80544 -4.12015
0.312729 1.30147 2.88794
0.736418 1.58575 0.507054
0.712824 -1.86866 -4.98631
0.0683673 -1.41771 5.03451
0.00292194 -1.34326 3.09
0.510949 1.45981 5.55396
0.985455 1.74037 -4.96633
0.345844 -1.61178 3.63575
-0.113651 -1.09189 -5.77641
0.817544 1.63769 -2.10255
0.131664 -1.49212 5.79878
0.899537 1.68917 -4.09849
0.363834 1.37978 5.12035
-0.0647253 -1.27034 0.524274
0.10594 1.09132 -5.79708
0.194011 -1.56473 5.20338
0.565593 1.54487 3.71944
0.482201 -1.76518 -2.09041
0.158958 1.24714 -0.0856816
0.217625 1.31613 2.71879
0.546501 -1.83447 -4.11997
-0.151428 -0.988468 -7.13133
0.412244 1.46204 5.73494
0.637589 1.6333 0.365616
-0.136232 -1.1994 -2.05003
0.618034 -1.90211 -4.98488
0.257004 -1.63559 3.44307
0.323394 -1.70634 0.900314
-0.0283669 -1.43655 5.3322
0.73323 1.68034 -2.18304
0.0506492 0.998717 -7.11613
0.10964 1.18372 -2.74693
0.27084 1.38554 4.83294
0.0364633 -1.5116 5.7996
0.38922 -1.78123 -1.91064
0.896766 1.78768 -4.9643
-0.0929865 -1.36234 3.77587
0.813656 1.73277 -4.10347
0.461778 1.54925 4.42384
0.101177 -1.58531 5.00916
-0.223013 -1.05807 -6.10192
-0.201843 -1.1407 -3.84058
0.315781 1.46382 5.75018
0.453452 -1.85739 -4.09805
-0.15911 -1.29214 1.66709
0.116517 1.34685 3.346
0.515322 1.64964 1.20776
0.165414 -1.6571 3.16632
-0.00852585 1.08183 -6.08001
0.521683 -1.93076 -4.99829
0.0279135 1.16975 -3.45361
0.0645976 1.2551 -0.08673
0.192649 1.39219 4.66746
0.665279 1.72278 -2.53422
0.22941 -1.72835 0.66955
0.361264 1.54816 4.95198
-0.250653 -0.968077 -7.11085
-0.0612019 -1.53073 5.72228
0.293394 -1.80146 -1.97611
-0.12489 -1.4531 5.60696
-0.242392 -1.22666 -0.331406
0.728765 1.77262 -4.12448
0.585306 1.72781 -1.91579
0.805813 1.83048 -4.94905
0.00530813 -1.60684 4.65756
0.223949 1.46357 5.68337
0.357719 -1.87724 -4.09659
-0.0506492 0.998717 -7.07156
-0.184176 -1.37838 4.43675
-0.294458 -1.12854 -3.58765
0.406688 1.63597 2.54839
0.0722331 -1.67933 2.70549
0.424014 -1.95454 -5.01835
-0.326618 -1.0316 -6.11684
0.00631264 1.33696 2.8632
0.264009 1.54766 5.26234
0.134778 1.4509 5.5426
-0.0726604 1.16002 -3.71291
-0.0329537 1.24749 -0.428254
0.137212 -1.74899 0.306877
-0.234456 -1.31621 2.88057
0.510372 1.74078 -1.58855
0.199477 -1.81987 -2.14505
0.642004 1.80228 -4.0606
-0.113385 1.07293 -6.13077
-0.162659 -1.5468 5.52845
0.441639 1.7205 -0.386338
0.0401615 1.43139 5.22725
-0.0953964 -1.62848 4.10127
0.712824 1.86866 -4.93685
0.261247 -1.89472 -4.13317
0.308588 1.63397 3.22128
-0.22145 -1.46299 5.76649
-0.347305 -0.937752 -7.12895
-0.357434 -1.21026 0.131087
-0.0241512 -1.7049 1.94791
0.325274 -1.97337 -5.03064
-0.31429 -1.30132 2.9703
0.166367 1.54362 5.4958
-0.416747 -1.10585 -3.06025
0.542471 1.82143 -3.8473
-0.273066 -1.38356 4.86872
0.046072 -1.77246 -0.306996
-0.151428 0.988468 -7.06659
-0.0935103 1.32545 2.60653
-0.132824 1.23821 -0.518451
0.353293 1.71785 0.34452
-0.178459 1.15045 -3.63313
-0.0590018 1.41596 4.97243
0.109139 -1.83651 -2.40173
0.0686797 1.52886 5.69848
-0.428483 -0.992373 -6.15274
0.209101 1.63497 3.62634
0.468616 1.78729 -2.5502
0.618034 1.90211 -4.95507
0.165807 -1.90872 -4.19051
-0.20869 -1.65273 3.20074
-0.266899 -1.55186 5.2672
-0.124082 -1.72787 1.05736
0.225713 -1.98722 -5.03098
-0.219965 1.05843 -6.08954
-0.413302 -1.29409 3.58041
0.397545 1.7946 -2.30313
-0.465242 -1.20796 1.38851
-0.318826 -1.46413 5.82503
-0.0278655 1.50908 5.76879
-0.0519549 -1.81371 -1.66508
0.258612 1.72124 0.778735
-0.366607 -1.37954 5.20172
-0.440394 -0.897805 -7.13087
0.0977688 1.63656 3.89681
-0.189099 1.31369 2.5714
-0.51815 -1.03968 -3.77586
0.0318105 -1.85103 -2.69744
-0.156424 1.40037 4.82549
-0.233251 1.23248 -0.156931
0.452597 1.86119 -4.08277
0.521683 1.93076 -4.94546
-0.528971 -1.13298 -0.346964
-0.250653 0.968077 -7.07139
0.0732428 -1.91779 -4.23478
-0.301108 1.14118 -3.07337
0.308546 1.8028 -2.05013
-0.125125 1.49215 5.78327
-0.322618 -1.63724 3.09033
0.125581 -1.99605 -5.02078
-0.206388 -1.74829 0.122362
-7.61691e-05 1.6015 4.71966
0.160018 1.72728 0.975127
-0.522744 -0.942346 -6.21868
-0.369595 -1.5474 4.98824
-0.513521 -1.29299 4.44632
-0.161017 -1.81845 -1.97347
-0.46466 -1.37605 5.54424
-0.417258 -1.46082 5.79763
0.362401 1.87979 -4.08849
-0.326069 1.02996 -6.10536
-0.0187239 -1.91456 -4.16848
-0.28636 -1.72802 0.425338
-0.56359 -1.21496 2.95515
-0.251228 1.38125 4.7173
-0.270294 1.30435 2.7242
-0.0936311 1.58412 5.01243
0.213483 1.81114 -1.90124
-0.605519 -1.07877 -0.88344
0.424014 1.95454 -4.93161
-0.330439 1.24747 1.268
-0.223201 1.47329 5.78275
0.0153769 1.67941 2.70944
-0.528964 -0.848644 -7.13135
-0.11619 -1.90631 -4.08721
0.0647368 1.73972 0.758719
-0.608119 -0.986709 -3.87335
0.0251321 -1.99984 -5.01988
-0.424227 -1.62914 2.64635
-0.347305 0.937752 -7.0714
-0.411919 1.08614 -3.72371
0.267469 1.89285 -4.05731
-0.606617 -1.15285 1.66409
-0.254279 -1.81412 -2.15013
-0.382353 -1.7151 0.236786
-0.563101 -1.37492 5.77947
-0.469684 -1.54286 4.54491
-0.192718 1.5694 5.13222
-0.409849 1.18453 -0.19162
-0.515779 -1.45776 5.60946
-0.06183 1.67025 2.96998
-0.612932 -1.29388 5.22829
0.117123 1.81958 -1.89951
-0.613276 -0.888933 -6.17163
0.325274 1.97337 -4.95447
-0.349362 1.34705 4.49801
-0.215602 -1.90016 -4.11253
-0.0753804 -1.99858 -5.03499
-0.32103 1.44845 5.77889
-0.426465 0.988979 -6.17429
-0.692561 -1.0341 -0.582769
-0.346409 -1.80105 -2.21608
-0.655977 -1.21211 4.09615
-0.0240003 1.74834 0.497273
0.170223 1.90279 -4.04853
-0.680388 -1.12684 2.16938
-0.155521 1.66161 3.05351
-0.294318 1.54744 5.23999
-0.4205 1.27622 3.10396
-0.478188 -1.70858 -0.326133
-0.524312 -1.62562 1.86005
-0.612106 -0.790776 -7.15555
0.0224027 1.82627 -1.99832
-0.499374 1.13401 -0.761943
-0.697905 -0.935972 -3.57668
-0.175702 -1.99227 -5.03251
-0.612842 -1.45627 5.16108
0.225713 1.98722 -4.97634
-0.568002 -1.53912 3.86306
-0.659703 -1.37632 5.73597
-0.440394 0.897805 -7.08438
-0.509871 1.03998 -3.84995
-0.312097 -1.88892 -4.14346
-0.438014 -1.78795 -2.40764
-0.265603 1.65717 2.80755
-0.415553 1.42329 5.75802
-0.113715 1.74586 0.464789
-0.722543 -1.29514 5.7779
0.0725662 1.9095 -4.06853
-0.496826 1.22413 2.34312
-0.437503 1.3488 4.9767
-0.710649 -0.828478 -5.93837
-0.772155 -1.09267 2.91167
-0.393131 1.5181 5.33096
-0.750729 -1.19075 4.7948
-0.275581 -1.98092 -5.0156
-0.792743 -0.982608 0.143536
-0.070909 1.82781 -2.08587
-0.523962 0.943328 -6.15784
-0.584158 -1.71777 -1.65261
0.125581 1.99605 -4.99176
-0.406983 -1.87309 -4.17897
-0.621895 -1.61858 0.994815
-0.206121 1.7424 0.305873
-0.370577 1.61762 3.33596
-0.516699 -1.77785 -2.68072
-0.663512 -1.53638 2.92364
-0.577334 1.09042 -0.975645
-0.706843 -1.4562 4.3918
-0.499328 1.30702 4.62747
-0.0246364 1.91199 -4.09993
-0.688967 -0.724793 -7.13928
-0.591139 1.18188 2.3693
-0.771492 -0.893399 -3.06667
-0.739753 -1.38429 5.27519
-0.502306 1.39148 5.73202
-0.374763 -1.96457 -5.00465
-0.528964 0.848644 -7.11035
-0.489351 1.48621 5.36699
-0.621138 0.99945 -3.23768
-0.826294 -1.25792 5.79644
-0.163823 1.82442 -2.16217
-0.498256 -1.8535 -4.21199
-0.847442 -1.15991 5.31547
-0.284164 1.74703 -0.203911
0.0251321 1.99984 -5.00178
-0.870182 -1.06051 3.94667
-0.355706 1.7143 0.436711
-0.467281 1.58532 3.52528
-0.560715 1.26417 4.20672
-0.687683 -1.68754 -1.88057
-0.812167 -1.35254 5.2063
-0.781695 -0.74079 -6.20472
-0.584989 -1.82276 -4.14548
-0.810296 -0.823377 -3.98762
-0.121277 1.90961 -4.12834
-0.70307 -1.60687 0.321984
-0.847307 -0.894866 -1.05178
-0.767571 -1.54324 1.34011
-0.617625 0.886436 -6.15073
-0.472998 -1.94326 -4.9936
-0.66579 1.09986 1.04246
-0.899665 -0.964329 2.26166
-0.796708 -1.44267 3.64174
-0.577142 1.33981 5.58086
-0.253599 1.81822 -2.27283
-0.674975 -1.78528 -4.06061
-0.446731 1.6829 0.757428
-0.5934 1.4454 5.43805
-0.0753804 1.99858 -5.00772
-0.638305 1.27121 5.08802
-0.758758 -0.651372 -7.10181
-0.922208 -1.22708 5.69295
-0.562813 1.55422 3.52737
-0.943639 -1.1295 5.7084
-0.902301 -1.32216 4.78458
-0.339302 1.80302 -2.23765
-0.699548 1.19448 4.25668
-0.570039 -1.91704 -4.99748
-0.612106 0.790776 -7.12297
-0.216851 1.90256 -4.15164
-0.716703 0.919204 -3.63205
-0.737971 1.02034 -0.00246851
-0.871263 -0.75396 -4.07572
-0.773745 -1.64951 -1.8806
-0.966958 -1.03233 4.94575
-0.881205 -0.827451 -1.97059
-0.42711 1.77777 -2.05675
-0.884349 -1.41383 3.10311
-0.539705 1.65255 0.850823
-0.767394 -1.74806 -4.06682
-0.665639 -1.88598 -5.02377
-0.930691 -0.876236 0.762093
-0.86822 -1.50681 0.817217
-0.851243 -0.66241 -6.17025
-0.175702 1.99227 -5.008
-0.667077 1.36296 5.74963
-0.703705 0.818455 -6.17206
-0.768375 1.11723 3.46316
-0.310722 1.89 -4.15651
-0.654765 1.53246 3.13735
-0.859445 -1.60518 -1.85169
-1.01754 -1.19729 5.30322
-0.996058 -1.29512 4.04032
-0.992351 -0.9379 3.75741
-0.733124 1.28883 5.73884
-0.518916 1.74936 -1.94683
-0.759558 -1.85015 -5.03871
-1.03855 -1.0988 5.80939
-0.630476 1.62375 0.736731
-0.818077 0.947022 -0.320884
-0.971917 -1.38645 2.32722
-0.403793 1.87077 -4.13161
-0.697907 1.45311 4.51124
-0.820763 -0.571268 -7.10819
-0.948425 -0.788275 -1.00678
-0.856257 -1.70643 -4.07476
-0.275581 1.98092 -5.00409
-0.800568 1.21347 5.51926
-0.688967 0.724793 -7.1254
-0.956542 -0.681806 -3.29817
-0.803282 0.845794 -3.60173
-0.839267 1.04322 2.91477
-0.95355 -1.47257 0.310536
-1.05931 -1.00197 5.59184
-0.497396 1.84594 -4.09626
-0.946457 -1.56353 -2.05175
-0.610587 1.71928 -1.93788
-1.01774 -0.844249 2.39353
-0.851559 -1.80965 -5.04025
-0.760844 1.38362 5.14234
-1.09135 -1.26648 2.98871
-0.91936 -0.576133 -6.02556
-0.714215 1.59646 0.493849
-1.11404 -1.16632 4.545
-0.374763 1.96457 -5.00394
-0.727738 1.52311 2.45948
-1.07078 -1.37107 0.817101
-0.784585 0.744593 -6.12736
-0.868122 1.13748 5.20596
-0.943415 -1.66151 -4.10099
-0.831692 1.31293 5.49188
-1.08208 -0.908506 4.90764
-0.591043 1.81714 -4.07708
-0.900665 0.88016 0.00216607
-1.1312 -1.06514 5.52829
-0.912581 0.976358 2.81119
-1.02365 -1.44393 -0.202068
-1.03534 -0.74738 0.733603
-0.699185 1.68746 -1.99838
-0.472998 1.94326 -5.00856
-0.781678 1.47415 3.05892
-0.941408 -1.76458 -5.04053
-0.874347 -0.485302 -7.14436
-1.02573 -1.52083 -2.2372
-1.02199 -0.584538 -3.1739
-0.903028 1.23597 5.6996
-0.758758 0.651372 -7.11923
-0.897917 0.766761 -3.09598
-0.932158 1.06543 4.92252
-1.19833 -1.24202 1.28772
-1.02757 -1.61406 -4.14014
-1.14658 -0.969826 5.81344
-0.570039 1.91704 -5.01043
-1.04985 -0.66349 -0.649788
-1.15166 -1.32701 0.233158
-0.788652 1.56095 0.493104
-0.683194 1.78483 -4.07753
-1.11971 -0.809408 4.22579
-0.852479 1.41433 3.54907
-1.2082 -1.12825 3.52901
-0.782958 1.65161 -2.03384
-1.09573 -1.46869 -2.17813
-0.991932 -0.473624 -5.72601
-1.00094 0.918671 3.55583
-1.02888 -1.71505 -5.03193
-0.856112 0.660845 -6.11576
-0.966604 1.15513 5.76447
-0.94024 1.34685 3.81673
-0.973524 0.828238 0.74768
-1.16483 -1.40981 -2.06761
-1.15854 -0.890107 5.59007
-0.986373 1.00691 4.76064
-0.665639 1.88598 -5.00651
-1.22181 -1.02649 4.87981
-1.12132 -0.701366 2.40465
-1.10684 -1.56207 -4.15069
-0.772681 1.74856 -4.08347
-0.861229 1.51275 0.766267
-1.11483 -0.607138 0.440659
-1.23315 -1.34576 -1.96398
-0.918958 -0.394356 -7.10615
-1.10004 -0.509948 -1.81963
-1.28828 -1.18224 0.518668
-0.820763 0.571268 -7.09806
-1.01199 1.25546 4.50575
-0.959734 0.661214 -3.60659
-1.11375 -1.66119 -5.01943
-1.02152 1.07796 5.70361
-0.862996 1.60898 -1.97692
-1.01014 0.747366 -0.0830857
-1.22768 -0.929001 5.66234
-0.939107 1.45966 0.939208
-1.21729 -0.83709 5.75852
-1.30223 -1.2782 -1.94829
-0.759558 1.85015 -4.99977
-1.18226 -1.50444 -4.1291
-1.20664 -0.742931 4.9866
-1.06009 0.829243 3.15923
-1.29631 -1.08791 2.35909
-1.06596 0.998958 5.58225
-0.859208 1.70743 -4.07786
-1.01585 -0.35995 -6.14827
-1.09336 -0.408663 -3.53025
-0.916219 0.57006 -6.14278
-1.2554 -1.44194 -4.10004
-1.06403 1.16341 5.15174
-1.02648 1.33944 2.47516
-1.20185 -0.644578 3.7228
-1.01824 1.41518 0.675364
-1.1939 -0.545912 2.07709
-1.10972 0.913366 5.32096
-1.19581 -1.60313 -5.01317
-1.32143 -0.980548 3.7597
-0.942189 1.56058 -1.89306
-0.851559 1.80965 -4.99516
-1.32671 -1.37562 -4.08686
-1.06256 0.656814 -0.362988
-1.37138 -1.21607 -2.18139
-1.35368 -1.14115 -0.213596
-0.954139 -0.299363 -7.0591
-1.30045 -0.873444 5.364
-1.18417 -0.445687 0.281257
-0.874347 0.485302 -7.08214
-1.10972 0.74266 2.83996
-1.11504 1.08172 5.47743
-1.01768 0.56586 -3.63264
-0.943393 1.66125 -4.06071
-1.29032 -0.783039 5.78177
-1.10934 1.24525 3.07299
-1.07577 1.30717 2.29961
-1.27485 -1.54103 -5.01279
-1.02107 1.51083 -1.90947
-1.28859 -0.689028 5.61622
-1.09443 -0.322265 -4.40503
-1.15898 0.826455 5.11083
-1.39594 -1.30743 -4.10909
-1.16344 0.997833 5.69014
-1.38465 -1.06958 0.478579
-0.941408 1.76458 -4.99462
-1.08765 1.37536 0.335328
-1.28476 -0.588796 4.93584
-1.35067 -1.47503 -5.01349
-1.04268 -0.263577 -6.21454
-1.17405 -0.344789 -1.37654
-0.969868 0.476125 -6.11236
-1.16053 1.16868 3.65627
-1.27679 -0.486489 3.80488
-1.38781 -0.894993 3.54661
-1.42788 -1.15001 -2.19891
-1.09655 1.46147 -2.01441
-1.02575 1.61113 -4.05148
-1.16137 0.65666 2.80875
-1.11921 0.567885 -0.129394
-1.21064 0.910897 5.78899
-1.35691 -0.82038 5.01336
-1.43054 -0.984928 0.900007
-1.42307 -1.4053 -5.01054
-1.46054 -1.23725 -4.13366
-1.20781 0.740449 5.00087
-1.14468 1.32295 0.467686
-1.3703 -0.741477 5.464
-1.21535 1.08636 4.10936
-0.97953 -0.201299 -7.08186
-1.02888 1.71505 -4.99469
-1.2666 -0.384028 2.44753
-0.918958 0.394356 -7.07533
-1.08041 0.463766 -3.2453
-1.37568 -0.640376 5.80739
-1.19987 1.25682 0.864055
-1.14696 -0.236932 -3.43994
-1.10572 1.55825 -4.062
-1.47765 -1.07346 -2.00487
-1.36989 -0.533359 5.69622
-1.25819 0.823526 5.81725
-1.16587 1.40819 -2.0458
-1.26493 0.99773 4.56707
-1.49188 -1.33202 -5.00492
-1.4339 -0.812815 3.63185
-1.48195 -0.900666 0.978205
-1.21499 0.575711 3.13416
-1.06596 -0.163238 -6.18283
-1.51926 -1.1624 -4.1208
-1.25985 1.1809 1.23055
-1.25958 -0.275221 1.18027
-1.01255 0.37799 -6.09922
-1.25618 0.657572 5.01905
-1.36024 -0.427093 5.15871
-1.11375 1.66119 -4.99152
-1.1802 0.489703 0.758987
-1.18213 1.50217 -4.07443
-1.31029 0.908071 4.9088
-1.52859 -0.991318 -1.87671
-1.23058 1.3469 -1.93585
-1.47407 -0.708459 4.02938
-1.30467 0.737132 5.82344
-1.55692 -1.25538 -5.00798
-1.32872 1.09299 1.45938
-1.46427 -0.586578 5.19679
-0.994869 -0.101168 -7.10275
-1.34499 -0.329282 4.28908
-0.954139 0.299363 -7.07827
-1.1557 -0.119488 -3.76095
-1.10565 0.356898 -3.71961
-1.29448 1.27787 -1.77189
-1.57436 -1.0825 -4.08947
-1.23836 -0.172919 -0.360454
-1.15929 0.413586 -1.08436
-1.53025 -0.813994 1.01672
-1.19581 1.60313 -4.98685
-1.45601 -0.475786 5.70073
-1.25467 1.44134 -4.0645
-1.35884 0.819638 5.05475
-1.30364 0.582138 5.16355
-1.36233 0.991588 2.58142
-1.27074 0.5017 3.77674
-1.57896 -0.90715 -1.85176
-1.61803 -1.17557 -5.02118
-1.07721 -0.0581596 -6.17543
-1.36019 1.20382 -1.69128
-1.34617 0.654685 5.8101
-1.33972 -0.256463 3.65824
-1.04701 0.278378 -6.04408
-1.44675 -0.357446 5.80824
-1.30863 -0.205556 2.42819
-1.55877 -0.634808 2.64193
-1.23774 0.417268 1.8162
-1.62705 -0.999252 -4.07282
-1.32426 1.37508 -4.03274
-1.27485 1.54103 -4.98606
-1.58331 -0.732477 0.644589
-1.40877 0.90635 2.88534
-1.40263 0.728328 5.15971
-1.54993 -0.529771 3.92615
-1.24341 -0.0734622 -0.544722
-1.19327 0.341998 -0.669439
-1.41147 1.05584 0.0518456
-1.42787 1.13549 -1.92298
-1 1.22465e-16 -7.11377
-1.16474 -0.0139922 -3.65865
-1.39826 -0.278131 5.05816
-1.67506 -1.09279 -5.03274
-0.97953 0.201299 -7.13325
-1.39205 1.30428 -4.00647
-1.62786 -0.823403 -1.94673
-1.1423 0.267486 -3.32945
-1.35777 0.517047 5.52103
-1.3189 -0.129107 2.47146
-1.54459 -0.423051 4.76477
-1.37655 0.587354 5.7568
-1.35067 1.47503 -4.99047
-1.33052 0.429765 4.59718
-1.67694 -0.914222 -4.08212
-1.47049 0.815741 2.71117
-1.45157 0.989294 0.248843
-1.38918 -0.195791 4.69177
-1.43416 0.636801 5.30313
-1.63441 -0.670998 -0.0979745
-1.0834 0.0481106 -6.05476
-1.45832 1.23161 -4.02424
-1.64627 -0.581536 0.600695
-1.29287 0.328627 2.80645
-1.47241 -0.25292 5.74668
-1.08857 0.168254 -5.69056
-1.72785 -1.00725 -5.03519
-1.42307 1.4053 -4.99543
-1.55196 -0.317744 5.06721
-1.25486 0.0267981 -0.167603
-1.48813 1.07002 -2.16862
-1.67388 -0.743524 -2.15494
-1.22255 0.270108 -0.25673
-1.33115 -0.0338883 2.67556
-1.63 -0.477939 2.15455
-1.5013 0.914713 0.201654
-1.50264 0.707179 3.29251
-1.44094 0.546893 5.64062
-0.994869 0.101168 -7.15355
-1.72328 -0.828692 -4.11499
-1.52122 1.15858 -4.07909
-1.17629 0.0910841 -3.11827
-1.42384 0.455303 5.80332
-1.49188 1.33202 -4.99372
-1.40609 -0.0948232 4.79881
-1.1977 0.190856 -1.83627
-1.39987 0.359577 5.45099
-1.63402 -0.380341 2.80044
-1.77627 -0.91916 -5.02794
-1.71018 -0.662311 -2.22291
-1.4836 -0.155045 5.76159
-1.53954 0.997609 -2.22445
-1.55143 0.856009 -0.265124
-1.56989 0.779122 0.371059
-1.5668 -0.214005 5.11785
-1.53611 0.597223 3.6735
-1.28736 0.222774 1.81238
-1.69924 -0.514946 -0.382015
-1.55692 1.25538 -4.98496
-1.34585 0.0636286 3.1859
-1.37904 0.260103 4.7004
-1.27045 0.126133 0.681695
-1.57869 1.08322 -4.12439
-1.76448 -0.742506 -4.14591
-1.74282 -0.579588 -2.29603
-1.64891 -0.278948 2.95966
-1.42083 0.00198801 5.01906
-1.51645 0.488047 4.92257
-1.7077 -0.437869 0.0328717
-1.5882 0.923871 -2.31
-1.82021 -0.828751 -5.01633
-1.49659 0.39061 5.59159
-1.60313 0.686672 0.654396
-1.49576 -0.0583695 5.75913
-1.61803 1.17557 -4.98011
-1.57361 -0.11492 5.16419
-1.62873 0.847184 -2.27704
-1.47585 0.292995 5.80173
-1.80029 -0.654834 -4.16339
-1.723 -0.346356 0.219644
-1.63118 1.00468 -4.15239
-1.3625 0.161145 3.91778
-1.67204 -0.164454 2.75197
-1.77126 -0.497288 -2.37454
-1.60944 0.515798 2.41398
-1.43748 0.0982005 5.34597
-1.66397 0.762676 -2.13175
-1.64536 0.599491 0.41228
-1.85955 -0.736249 -5.00631
-1.67506 1.09279 -4.98455
-1.45599 0.195097 5.66029
-1.5907 0.42219 3.71388
-1.5108 0.0357259 5.76036
-1.83146 -0.56583 -4.17529
-1.74746 -0.250558 -0.0283693
-1.67878 0.923408 -4.16567
-1.79114 -0.409905 -2.3093
-1.58135 -0.0239754 5.09225
-1.57194 0.32483 4.69072
-1.64333 -0.0738006 3.68869
-1.70085 0.674833 -2.1176
-1.7213 0.838519 -4.15751
-1.8942 -0.641887 -4.99727
-1.55132 0.226679 5.33714
-1.72785 1.00725 -4.99404
-1.68619 0.532641 -0.158553
-1.81093 -0.32026 -2.3468
-1.53013 0.130127 5.6653
-1.68089 0.454902 0.740951
-1.85739 -0.475014 -4.17429
-1.80023 -0.151252 -1.39199
-1.72506 -0.0674417 1.2437
-1.76035 0.750192 -4.14767
-1.7358 0.589893 -2.21138
-1.60033 0.0651904 4.74232
-1.66799 0.358152 1.91795
-1.92406 -0.545904 -4.98917
-1.77627 0.91916 -5.00869
-1.6649 0.00182475 3.16973
-1.83106 -0.241914 -2.53995
-1.6487 0.257192 3.08187
-1.87872 -0.382369 -4.16853
-1.62531 0.158433 4.05263
-1.79628 0.660346 -4.15182
-1.82021 0.828751 -5.02447
-1.7588 0.502967 -2.09119
-1.8203 -0.039412 -1.80617
-1.77159 0.397189 -1.69182
-1.94905 -0.448542 -4.98162
-1.89583 -0.290386 -4.16436
-1.90164 -0.197094 -4.0711
-1.74957 0.0226779 0.480197
-1.68968 0.0881838 2.36451
-1.85955 0.736249 -5.03086
-1.74383 0.291794 -0.12338
-1.90449 -0.0976657 -3.99181
-1.82676 0.569145 -4.13984
-1.7318 0.182235 0.769899
-1.96913 -0.350046 -4.96893
-1.85114 0.473882 -4.09938
-1.8942 0.641887 -5.02956
-1.83113 0.0547042 -2.13085
-1.98423 -0.250666 -4.96846
-1.91108 0.00283147 -4.05169
-1.82187 0.318763 -2.62615
-1.76605 0.0984244 -0.145225
-1.99432 -0.150654 -4.98695
-1.87651 0.379487 -4.14413
-1.82125 0.236798 -2.28194
-1.92406 0.545904 -5.0313
-1.99937 -0.0502602 -4.98814
-1.82795 0.144441 -2.18757
-1.91163 0.0996192 -4.1051
-1.94905 0.448542 -5.01945
-1.89644 0.288463 -4.18402
-1.99937 0.0502602 -4.97458
-1.90594 0.195079 -4.1423
-1.96913 0.350046 -4.99025
-1.99432 0.150654 -4.97265
-1.98423 0.250666 -4.9757
