1.7275 -0.213644 0.723231
1.81464 -0.173036 -1.72397
1.72597 -0.104317 1.0909
1.80607 -0.26737 -1.8044
1.63635 -0.171562 3.43687
1.73134 -0.295859 0.232795
1.82768 -0.0793415 -1.89402
1.89578 -0.235135 -3.72389
1.65272 -0.270744 2.65821
1.61749 -0.0685452 4.04458
1.90644 -0.138687 -3.73484
1.76912 -0.0246552 -0.14248
1.78739 -0.356484 -1.72943
1.881 -0.330683 -3.72488
1.69209 8.54755e-05 2.17681
1.55864 -0.236979 4.7887
1.53866 -0.136599 5.16104
1.68444 -0.372187 1.19382
1.91408 -0.0433802 -3.77443
1.9899 -0.200723 -4.58533
1.83782 0.00803649 -2.10918
1.9773 -0.300451 -4.59647
1.58044 -0.336264 4.09788
1.59644 0.0353429 4.46207
1.51875 -0.0348871 5.31056
1.86029 -0.425555 -3.7136
1.76439 0.0522747 -0.021381
1.99747 -0.100489 -4.5716
1.76223 -0.448217 -1.62022
1.4624 -0.205118 5.27048
1.95971 -0.39942 -4.61098
1.68234 0.110325 2.36496
1.48423 -0.304193 5.31421
1.91618 0.0502702 -3.80551
1.59972 -0.434038 3.10463
1.44152 -0.104136 5.00612
2 0 -4.55995
1.67937 -0.466021 0.630107
1.83761 0.0931395 -2.16633
1.49855 0.0662413 5.32368
1.8347 -0.521586 -3.71272
1.50544 -0.402471 5.00888
1.57276 0.138756 4.74031
1.93717 -0.49738 -4.62799
1.7702 0.126751 -0.314579
1.42316 -0.00222781 4.69086
1.38957 -0.275463 4.57472
1.36467 -0.175995 3.73646
1.72821 -0.548562 -1.49328
1.99747 0.100489 -4.55774
1.91128 0.14335 -3.80528
1.62353 -0.528631 1.71119
1.64308 0.219164 3.09355
1.41179 -0.37234 5.13877
1.52723 -0.501438 4.25365
1.74095 0.199819 0.357319
1.34438 -0.0714151 2.93736
1.47647 0.163667 5.26555
1.82789 0.178091 -2.08364
1.90973 -0.594083 -4.62786
1.40685 0.0967972 4.44782
1.81104 -0.616123 -3.79908
1.29584 -0.25241 2.12358
1.43195 -0.470137 5.32284
1.54263 0.237783 4.95102
1.9899 0.200723 -4.5653
1.3211 -0.345951 3.45049
1.65409 -0.621055 -0.0871133
1.3318 0.0336582 2.50829
1.25662 -0.149571 0.258957
1.55402 -0.602654 2.87996
1.71503 0.296256 0.716804
1.89972 0.237265 -3.77895
1.73357 -0.639385 -2.38222
1.8094 0.267925 -1.89606
1.34129 -0.43957 4.48126
1.60723 0.33165 3.51478
1.45076 -0.573683 5.00215
1.39054 0.18721 4.27433
1.87747 -0.689286 -4.61199
1.45022 0.255222 5.1621
1.25072 -0.0311556 -0.270343
1.32333 0.132276 2.42471
1.23625 -0.325336 0.696191
1.20861 -0.244603 -0.932776
1.78288 -0.704033 -3.84796
1.9773 0.300451 -4.57485
1.59389 -0.700645 0.712524
1.35775 -0.534805 5.1427
1.69201 -0.707425 -2.04247
1.5084 0.317873 5.08994
1.25433 -0.413697 2.13799
1.79083 0.362749 -1.84425
1.88342 0.332759 -3.75278
1.47569 -0.692386 3.85116
1.7005 0.395378 0.551405
1.24467 0.0774847 -0.423469
1.16602 -0.0926746 -3.17796
1.16764 -0.180279 -2.75988
1.36528 0.267499 4.01185
1.32345 0.207657 2.68277
1.27361 -0.503697 3.55982
1.84046 -0.782747 -4.61155
1.35967 -0.643318 5.38842
1.52338 0.407185 4.75502
1.16855 -0.309862 -1.8133
1.42024 0.356943 5.1601
1.61992 0.446787 2.48338
1.74289 -0.789239 -3.79866
1.17081 -0.387611 -0.94476
1.6448 -0.790433 -1.79481
1.16228 0.0151272 -3.40875
1.24495 0.190773 0.00395931
1.95971 0.39942 -4.5754
1.5428 -0.790788 0.942571
1.12771 -0.251706 -3.65238
1.86418 0.428262 -3.74979
1.77364 0.454919 -1.9387
1.29169 -0.581254 4.5594
1.18535 -0.482378 0.741161
1.07964 -0.163615 -5.42048
1.38599 -0.73647 4.85456
1.29491 0.26028 2.10393
1.69793 0.478535 0.00118022
1.3144 0.337251 3.20233
1.15665 0.124119 -3.38068
1.07986 -0.0470512 -5.60398
1.4431 -0.800983 3.30328
1.79881 -0.874232 -4.6207
1.44234 0.474951 5.25445
1.54405 0.513865 3.82602
1.1002 -0.341157 -3.77355
1.69823 -0.876538 -3.76265
1.21404 -0.5727 2.80166
1.25545 -0.653359 4.58117
1.59861 -0.878193 -1.76544
1.302 -0.733519 5.32718
1.08191 -0.454508 -3.11287
1.93717 0.49738 -4.56617
1.33989 0.437957 4.40681
1.64826 0.552569 0.790745
1.84088 0.521656 -3.75059
1.22805 0.297856 0.15858
1.04201 -0.271528 -5.70788
1.07667 0.0598817 -5.64427
1.14567 0.235438 -3.17602
1.74863 0.541571 -1.92188
1.50019 -0.882795 0.726571
0.994869 -0.101168 -6.53504
1.3497 -0.813267 4.81916
1.12 -0.56322 -0.206183
1.46605 0.585204 4.71565
1.75261 -0.963507 -4.62032
0.97953 -0.201299 -6.54734
1.23983 0.402603 1.56414
1.65136 -0.963644 -3.77218
1.16086 -0.653429 2.50821
1.01108 -0.3723 -5.72588
1.36213 0.548006 5.15539
1.06688 0.165884 -5.61604
1 0 -6.49525
1.56609 0.615197 2.42925
1.20657 -0.737047 4.54757
1.40378 -0.891181 3.0054
1.90973 0.594083 -4.55498
1.55366 -0.965242 -1.90103
1.25554 -0.818697 5.35813
1.71975 0.62728 -1.91507
1.13029 0.360515 -2.63048
1.81257 0.612845 -3.74251
1.01802 -0.562266 -3.43853
1.26205 0.507962 3.27923
0.969921 -0.472937 -5.71045
0.954139 -0.299363 -6.54252
1.6434 0.642586 -0.00240162
0.994869 0.101168 -6.48481
1.04855 0.273312 -5.54439
1.0625 -0.654186 -0.414382
1.70199 -1.05035 -4.61119
1.3836 0.669312 5.21189
1.4585 -0.970917 0.381692
1.49926 0.689333 3.29883
1.30773 -0.899556 4.65896
1.1092 -0.740271 2.55462
1.60276 -1.04813 -3.81567
1.16601 0.474195 -0.0115194
1.15812 -0.823355 4.67694
0.918958 -0.394356 -6.56712
1.28 0.613004 4.57422
1.87747 0.689286 -4.54554
0.97953 0.201299 -6.48732
1.59685 0.706117 0.562635
1.77963 0.702187 -3.73042
1.68715 0.710164 -1.90453
0.916264 -0.568679 -5.71911
1.36297 -0.980105 2.57902
1.01555 0.377315 -5.53742
1.5101 -1.04804 -2.13788
0.959703 -0.659661 -3.38419
1.20981 -0.90581 5.36542
1.07004 0.462958 -3.28256
1.18593 0.572748 1.97792
0.874347 -0.485302 -6.5771
1.00991 -0.745898 -0.125528
1.44049 0.772956 3.65273
1.64707 -1.13454 -4.59771
0.954139 0.299363 -6.48211
1.28677 0.710286 5.1253
1.0597 -0.827501 2.88299
1.54269 0.786433 0.999706
1.41997 -1.05847 -0.192462
1.26453 -0.98859 4.34852
1.55231 -1.12711 -3.85733
1.84046 0.782747 -4.54123
1.35035 0.766918 4.98402
1.64304 0.791385 -1.7235
1.10956 0.539069 -0.915828
1.10943 -0.910823 4.9111
1.74091 0.789755 -3.70399
1.20011 0.670926 3.62305
0.856074 -0.660318 -5.67323
0.820763 -0.571268 -6.58044
0.9722 0.473479 -5.55856
0.897762 -0.76619 -2.87944
0.918958 0.394356 -6.46281
1.32309 -1.07207 1.88183
1.47335 -1.1185 -2.41837
1.16411 -0.99395 5.29813
0.973232 -0.827289 0.669121
1.48173 0.880129 1.24586
1.02803 0.553658 -3.22702
1.099 0.632604 0.319425
1.58798 -1.21586 -4.60098
1.38394 0.845374 3.90796
1.28647 0.780097 5.18664
1.59396 0.877626 -1.61457
1.0005 -0.917412 3.2795
1.21922 0.762732 4.78281
1.79881 0.874232 -4.54496
1.6965 0.876872 -3.67508
1.39184 -1.16125 -1.46216
1.21955 -1.08014 3.8424
1.49269 -1.19765 -3.80316
0.758758 -0.651372 -6.58535
0.784514 -0.744597 -5.66403
1.06565 -0.997235 5.18717
0.874347 0.485302 -6.45624
1.31892 0.824143 4.92684
1.12972 0.735669 2.90631
0.900382 -0.879736 0.000946903
0.927062 0.567577 -5.44411
0.991474 0.64705 -2.69109
1.39331 0.936547 2.52335
1.54937 0.965998 -1.78318
1.27965 -1.16387 1.06299
0.803149 -0.84615 -3.31347
1.11611 -1.08155 5.10907
1.2553 0.837221 5.23977
1.52489 -1.29411 -4.62694
1.64924 0.964007 -3.68562
1.75261 0.963507 -4.5489
1.04904 0.710604 0.273168
1.3162 0.89143 4.5261
1.46588 0.975182 0.118188
0.985367 -1.00527 4.40472
1.42588 -1.26899 -3.73929
0.911989 -0.975354 2.59467
1.15554 0.843347 4.77219
0.688967 -0.724793 -6.58278
1.32827 -1.24905 -1.75359
1.16983 -1.18117 3.03783
0.820763 0.571268 -6.49731
0.703603 -0.819148 -5.69186
0.876095 0.675205 -5.06807
1.01944 -1.0757 5.30914
0.818012 -0.947452 -0.265936
1.05487 0.795037 2.12354
1.60015 1.04923 -3.73537
0.970112 0.743687 -1.32949
1.30993 0.982965 3.59904
1.39955 1.04345 0.579516
1.50363 1.04917 -1.98449
1.70199 1.05035 -4.54673
1.23289 0.921967 5.16692
1.45794 -1.36909 -4.64176
1.24512 -1.23964 0.214737
1.05843 -1.16243 4.87864
0.716605 -0.921189 -3.29922
0.930535 -1.06259 4.52924
1.35961 -1.34267 -3.77423
0.612106 -0.790776 -6.58516
0.839226 -1.04237 2.70108
1.0553 0.895373 3.86617
0.758758 0.651372 -6.49776
1.13946 0.955852 5.26372
0.880338 0.7929 -2.64969
0.968596 0.842538 0.885948
1.26728 -1.31783 -1.89926
1.1803 -1.28654 0.551271
1.08957 -1.25534 3.00617
1.54874 1.13102 -3.8031
1.64707 1.13454 -4.54099
0.61729 -0.888375 -5.66404
1.29685 1.08292 2.24772
0.961528 -1.14782 5.35851
1.45675 1.12964 -2.24619
0.738881 -1.02276 0.103467
1.21849 1.0203 4.56999
0.784249 0.753512 -5.4225
1.38731 -1.44062 -4.64539
0.867323 -1.1327 4.77319
1.36865 1.14651 -0.614798
0.994663 -1.23567 4.65709
1.04652 0.99623 4.93816
1.29083 -1.41035 -3.80142
0.965415 0.939518 2.91637
0.620338 -1.00566 -2.83569
0.884653 0.889852 -0.137536
0.528964 -0.848644 -6.58813
1.19921 -1.37895 -1.89007
0.770731 -1.11746 3.26592
1.11062 -1.34737 0.534894
1.58798 1.21586 -4.53132
0.688967 0.724793 -6.4558
1.12631 1.05705 5.1121
0.797917 0.854008 -3.17087
1.49641 1.20749 -3.87214
1.20392 1.11935 3.44727
1.02397 -1.32124 2.74858
0.900101 -1.22184 5.33707
1.27948 1.1831 0.663114
1.42297 1.19957 -2.65855
0.522893 -0.946207 -5.67737
0.670351 -1.10625 1.24643
1.31317 -1.5085 -4.65318
0.956375 1.03478 4.39302
0.803796 -1.20896 5.1051
0.703351 0.82373 -5.51951
0.880082 0.979016 1.98557
1.21824 -1.47369 -3.81249
1.03516 1.09414 5.28036
1.12796 -1.43867 -1.91331
0.935511 -1.30916 4.23935
1.35599 1.2391 -2.08068
0.814973 0.932661 -0.717184
1.52489 1.29411 -4.53069
0.505483 -1.04677 -3.45659
1.0431 -1.4053 0.407019
0.572305 -1.11134 -0.330593
0.440394 -0.897805 -6.57909
1.11334 1.15453 4.29848
0.706985 -1.19654 4.07536
1.18854 1.21576 1.92354
1.43716 1.27446 -3.85177
0.612106 0.790776 -6.46067
0.719814 0.933012 -2.8771
0.839683 -1.30153 5.15781
0.971484 -1.37773 2.33777
1.23572 -1.57258 -4.65776
0.866412 1.06958 3.70585
1.2629 1.29274 -1.29767
0.944203 1.13018 5.19437
0.425343 -0.991319 -5.71364
1.14257 -1.53348 -3.81845
0.614748 -1.18778 2.67645
0.792332 1.00892 0.871598
0.740329 -1.28864 5.34181
1.05446 -1.49442 -1.93378
1.02381 1.19066 4.832
0.617238 0.887299 -5.58071
0.483691 -1.14016 -0.758496
1.36505 1.33684 -3.72287
1.45794 1.36909 -4.56058
0.885027 -1.40107 3.17468
1.10213 1.24771 2.9039
0.971223 -1.45461 0.448583
0.409013 -1.088 -3.46283
0.347305 -0.937752 -6.57821
1.16959 1.29435 0.585382
0.540496 -1.18438 1.51253
0.644289 -1.27454 4.78945
0.698799 1.03979 -0.202061
0.851273 1.16425 4.92635
1.15515 -1.63268 -4.65433
0.775773 -1.38395 4.67221
0.528964 0.848644 -6.47875
0.614836 0.986734 -3.38746
0.774414 1.10118 2.9186
0.93223 1.22714 5.14661
1.06427 -1.58939 -3.81988
1.28928 1.40412 -3.65809
0.327182 -1.03233 -5.63298
1.1927 1.37339 -1.61592
0.978568 -1.54641 -1.9535
1.0158 1.28846 3.52026
1.38731 1.44062 -4.59249
0.555969 -1.25694 3.68922
0.674139 -1.37034 5.30191
0.398739 -1.18475 -0.334879
0.896363 -1.50503 0.378289
0.476957 -1.22766 2.02946
1.10177 1.33989 0.889813
0.525031 0.941958 -5.64281
0.807822 -1.47927 2.38238
0.31402 -1.13403 -2.99285
0.609131 1.08044 -0.665529
0.250653 -0.968077 -6.61009
0.683727 1.1307 2.16895
0.75492 1.19565 4.5159
0.835889 1.26267 5.28888
1.07165 -1.68866 -4.64356
0.576067 -1.34994 5.24583
0.710426 -1.46592 3.85262
0.98378 -1.64125 -3.81907
1.21464 1.47147 -3.68731
0.922393 1.32628 4.09481
1.31317 1.5085 -4.59977
0.440394 0.897805 -6.50907
0.52065 1.03992 -3.39504
0.902586 -1.59501 -2.01074
1.11791 1.43574 -1.64294
0.216914 -1.07546 -5.36828
1.0122 1.39757 1.18064
0.485193 -1.31927 4.39218
0.398911 -1.28183 2.8199
0.310527 -1.23799 0.616755
0.834901 -1.55574 -0.0419848
0.600815 -1.46125 4.80806
0.608718 1.15467 1.62359
0.658215 1.21536 3.85529
0.746932 -1.56596 0.913077
0.726907 1.30226 5.33718
0.429281 0.992557 -5.62115
0.985455 -1.74037 -4.62997
0.530442 1.13375 -0.265225
0.827568 1.36195 4.51454
0.222079 -1.18656 -1.91155
0.151428 -0.988468 -6.58671
1.23572 1.57258 -4.59564
0.900823 -1.68814 -3.8059
1.13881 1.53353 -3.72396
0.498532 -1.41845 5.36376
0.909936 1.4202 2.31794
0.659937 -1.53615 2.75463
1.0466 1.49725 -1.83777
0.822464 -1.63445 -1.92476
0.406592 -1.38139 4.94477
0.347305 0.937752 -6.54476
0.316551 -1.3406 3.777
0.417496 1.10664 -2.78455
0.147697 -1.14452 -3.70033
0.564157 1.21629 2.74689
0.105609 -1.07483 -5.66365
0.612513 1.29657 4.81105
0.213436 -1.30101 2.06479
0.96971 1.47445 -0.0199925
0.744087 1.4072 4.53469
0.505424 -1.5195 4.41407
0.584561 -1.5686 2.72501
0.896766 -1.78768 -4.62032
0.659269 -1.61903 0.508349
0.736401 -1.67194 -1.84397
0.825189 1.45553 2.69449
1.15515 1.63268 -4.58968
0.326255 1.03278 -5.61281
0.465401 1.20844 1.27075
1.06223 1.59092 -3.76725
0.814595 -1.73041 -3.78438
0.65535 1.3808 5.21679
0.130306 -1.22718 -0.917322
0.419491 -1.479 5.23866
0.0506492 -0.998717 -6.55431
0.32244 -1.44912 5.3401
0.900936 1.50666 0.25816
0.977372 1.55102 -2.00762
0.0639476 -1.15905 -3.50332
0.248205 -1.39277 4.52117
0.512151 1.29377 4.05859
0.250653 0.968077 -6.56439
0.294391 1.13201 -3.22061
0.359086 1.21086 0.121276
0.505224 -1.61554 2.18196
0.579468 -1.65909 0.225132
0.745601 1.49477 2.75856
0.559583 1.37621 5.27585
0.650664 -1.71187 -1.95609
0.00331305 -1.08307 -5.61318
0.102106 -1.32302 2.33625
0.682856 1.4522 4.26352
0.805813 -1.83048 -4.61371
0.426559 -1.57291 3.82461
0.726051 -1.76984 -3.78468
1.07165 1.68866 -4.58625
0.164695 -1.39994 4.47157
0.821256 1.54542 0.420771
0.982897 1.64244 -3.78632
0.219731 1.06132 -5.59962
0.412007 1.29425 3.23955
0.359387 -1.53164 4.82985
0.0330546 -1.24965 -0.327667
0.900184 1.59512 -1.96836
0.224159 -1.4738 5.32275
0.606113 1.4558 4.76495
-0.0506492 -0.998717 -6.59387
0.255241 1.22679 -0.248869
-0.0357769 -1.17549 -3.00277
0.461481 1.37664 5.05354
0.511767 -1.69296 -0.121925
0.567631 -1.74506 -2.0521
0.283751 -1.54451 4.90575
0.66244 1.52691 2.9267
0.426037 -1.67831 1.01374
0.151428 0.988468 -6.5905
0.190504 1.15666 -3.1426
0.63681 -1.80544 -3.80314
0.312729 1.30147 2.66182
0.736418 1.58575 0.474923
0.712824 -1.86866 -4.60647
0.0683673 -1.41771 4.64766
0.00292194 -1.34326 2.84854
0.510949 1.45981 5.13303
0.985455 1.74037 -4.58791
0.345844 -1.61178 3.36424
-0.113651 -1.09189 -5.34153
0.817544 1.63769 -1.9368
0.131664 -1.49212 5.35712
0.899537 1.68917 -3.78302
0.363834 1.37978 4.72732
-0.0647253 -1.27034 0.476771
0.10594 1.09132 -5.36038
0.194011 -1.56473 4.8103
0.565593 1.54487 3.4415
0.482201 -1.76518 -1.92563
0.158958 1.24714 -0.0867029
0.217625 1.31613 2.50548
0.546501 -1.83447 -3.80296
-0.151428 -0.988468 -6.58864
0.412244 1.46204 5.29909
0.637589 1.6333 0.344303
-0.136232 -1.1994 -1.90156
0.618034 -1.90211 -4.60515
0.257004 -1.63559 3.18639
0.323394 -1.70634 0.838232
-0.0283669 -1.43655 4.92338
0.73323 1.68034 -2.01121
0.0506492 0.998717 -6.57443
0.10964 1.18372 -2.54497
0.27084 1.38554 4.46121
0.0364633 -1.5116 5.35848
0.38922 -1.78123 -1.7594
0.896766 1.78768 -4.58603
-0.0929865 -1.36234 3.48284
0.813656 1.73277 -3.78764
0.461778 1.54925 4.09148
0.101177 -1.58531 4.63127
-0.223013 -1.05807 -5.64152
-0.201843 -1.1407 -3.55491
0.315781 1.46382 5.31224
0.453452 -1.85739 -3.78261
-0.15911 -1.29214 1.53299
0.116517 1.34685 3.08536
0.515322 1.64964 1.12228
0.165414 -1.6571 2.9309
-0.00852585 1.08183 -5.62118
0.521683 -1.93076 -4.61753
0.0279135 1.16975 -3.19758
0.0645976 1.2551 -0.0876879
0.192649 1.39219 4.30812
0.665279 1.72278 -2.33598
0.22941 -1.72835 0.625049
0.361264 1.54816 4.57851
-0.250653 -0.968077 -6.56968
-0.0612019 -1.53073 5.28788
0.293394 -1.80146 -1.81992
-0.12489 -1.4531 5.17815
-0.242392 -1.22666 -0.313906
0.728765 1.77262 -3.80714
0.585306 1.72781 -1.76412
0.805813 1.83048 -4.57196
0.00530813 -1.60684 4.30706
0.223949 1.46357 5.24979
0.357719 -1.87724 -3.78122
-0.0506492 0.998717 -6.53327
-0.184176 -1.37838 4.09428
-0.294458 -1.12854 -3.32146
0.406688 1.63597 2.36036
0.0722331 -1.67933 2.50543
0.424014 -1.95454 -4.63604
-0.326618 -1.0316 -5.65535
0.00631264 1.33696 2.63892
0.264009 1.54766 4.86453
0.134778 1.4509 5.11871
-0.0726604 1.16002 -3.43699
-0.0329537 1.24749 -0.40328
0.137212 -1.74899 0.289978
-0.234456 -1.31621 2.65492
0.510372 1.74078 -1.46171
0.199477 -1.81987 -1.9761
0.642004 1.80228 -3.74801
-0.113385 1.07293 -5.66799
-0.162659 -1.5468 5.10978
0.441639 1.7205 -0.350587
0.0401615 1.43139 4.82629
-0.0953964 -1.62848 3.79385
0.712824 1.86866 -4.5607
0.261247 -1.89472 -3.81507
0.308588 1.63397 2.98162
-0.22145 -1.46299 5.32647
-0.347305 -0.937752 -6.58637
-0.357434 -1.21026 0.113457
-0.0241512 -1.7049 1.80589
0.325274 -1.97337 -4.64738
-0.31429 -1.30132 2.73781
0.166367 1.54362 5.07955
-0.416747 -1.10585 -2.83453
0.542471 1.82143 -3.55055
-0.273066 -1.38356 4.49412
0.046072 -1.77246 -0.277245
-0.151428 0.988468 -6.52873
-0.0935103 1.32545 2.40155
-0.132824 1.23821 -0.486647
0.353293 1.71785 0.324741
-0.178459 1.15045 -3.36336
-0.0590018 1.41596 4.59025
0.109139 -1.83651 -2.21342
0.0686797 1.52886 5.26588
-0.428483 -0.992373 -5.68841
0.209101 1.63497 3.35552
0.468616 1.78729 -2.35083
0.618034 1.90211 -4.57754
0.165807 -1.90872 -3.86814
-0.20869 -1.65273 2.96274
-0.266899 -1.55186 4.86916
-0.124082 -1.72787 0.983345
0.225713 -1.98722 -4.64769
-0.219965 1.05843 -5.63006
-0.413302 -1.29409 3.30207
0.397545 1.7946 -2.12233
-0.465242 -1.20796 1.27554
-0.318826 -1.46413 5.38137
-0.0278655 1.50908 5.32991
-0.0519549 -1.81371 -1.53229
0.258612 1.72124 0.725909
-0.366607 -1.37954 4.80246
-0.440394 -0.897805 -6.58809
0.0977688 1.63656 3.60524
-0.189099 1.31369 2.36902
-0.51815 -1.03968 -3.4951
0.0318105 -1.85103 -2.4869
-0.156424 1.40037 4.45414
-0.233251 1.23248 -0.152654
0.452597 1.86119 -3.76864
0.521683 1.93076 -4.56869
-0.528971 -1.13298 -0.328153
-0.250653 0.968077 -6.53321
0.0732428 -1.91779 -3.90915
-0.301108 1.14118 -2.84666
0.308546 1.8028 -1.8884
-0.125125 1.49215 5.34275
-0.322618 -1.63724 2.86075
0.125581 -1.99605 -4.63826
-0.206388 -1.74829 0.11948
-7.61691e-05 1.6015 4.36423
0.160018 1.72728 0.907355
-0.522744 -0.942346 -5.74912
-0.369595 -1.5474 4.61202
-0.513521 -1.29299 4.10321
-0.161017 -1.81845 -1.81746
-0.46466 -1.37605 5.11998
-0.417258 -1.46082 5.35698
0.362401 1.87979 -3.77388
-0.326069 1.02996 -5.64467
-0.0187239 -1.91456 -3.84772
-0.28636 -1.72802 0.399462
-0.56359 -1.21496 2.72394
-0.251228 1.38125 4.35398
-0.270294 1.30435 2.51032
-0.0936311 1.58412 4.63423
0.213483 1.81114 -1.75074
-0.605519 -1.07877 -0.823759
0.424014 1.95454 -4.55593
-0.330439 1.24747 1.16407
-0.223201 1.47329 5.34194
0.0153769 1.67941 2.509
-0.528964 -0.848644 -6.58849
-0.11619 -1.90631 -3.77245
0.0647368 1.73972 0.707418
-0.608119 -0.986709 -3.5851
0.0251321 -1.99984 -4.6374
-0.424227 -1.62914 2.45084
-0.347305 0.937752 -6.53322
-0.411919 1.08614 -3.44703
0.267469 1.89285 -3.74498
-0.606617 -1.15285 1.53042
-0.254279 -1.81412 -1.9808
-0.382353 -1.7151 0.22523
-0.563101 -1.37492 5.33879
-0.469684 -1.54286 4.20319
-0.192718 1.5694 4.7447
-0.409849 1.18453 -0.184749
-0.515779 -1.45776 5.18429
-0.06183 1.67025 2.74961
-0.612932 -1.29388 4.82727
0.117123 1.81958 -1.74914
-0.613276 -0.888933 -5.70575
0.325274 1.97337 -4.57705
-0.349362 1.34705 4.15086
-0.215602 -1.90016 -3.79595
-0.0753804 -1.99858 -4.65134
-0.32103 1.44845 5.33807
-0.426465 0.988979 -5.70817
-0.692561 -1.0341 -0.546001
-0.346409 -1.80105 -2.04176
-0.655977 -1.21211 3.77931
-0.0240003 1.74834 0.465858
0.170223 1.90279 -3.73683
-0.680388 -1.12684 1.99747
-0.155521 1.66161 2.82674
-0.294318 1.54744 4.84403
-0.4205 1.27622 2.86143
-0.478188 -1.70858 -0.294936
-0.524312 -1.62562 1.72475
-0.612106 -0.790776 -6.61087
0.0224027 1.82627 -1.84048
-0.499374 1.13401 -0.71166
-0.697905 -0.935972 -3.31127
-0.175702 -1.99227 -4.64905
-0.612842 -1.45627 4.77136
0.225713 1.98722 -4.59725
-0.568002 -1.53912 3.57405
-0.659703 -1.37632 5.30037
-0.440394 0.897805 -6.54518
-0.509871 1.03998 -3.56353
-0.312097 -1.88892 -3.8246
-0.438014 -1.78795 -2.2189
-0.265603 1.65717 2.59972
-0.415553 1.42329 5.31875
-0.113715 1.74586 0.435879
-0.722543 -1.29514 5.33724
0.0725662 1.9095 -3.75532
-0.496826 1.22413 2.15796
-0.437503 1.3488 4.59417
-0.710649 -0.828478 -5.49076
-0.772155 -1.09267 2.68375
-0.393131 1.5181 4.92779
-0.750729 -1.19075 4.42584
-0.275581 -1.98092 -4.63343
-0.792743 -0.982608 0.125017
-0.070909 1.82781 -1.92141
-0.523962 0.943328 -5.69305
-0.584158 -1.71777 -1.5208
0.125581 1.99605 -4.61148
-0.406983 -1.87309 -3.85749
-0.621895 -1.61858 0.925544
-0.206121 1.7424 0.289083
-0.370577 1.61762 3.08749
-0.516699 -1.77785 -2.47148
-0.663512 -1.53638 2.70685
-0.577334 1.09042 -0.909012
-0.706843 -1.4562 4.06196
-0.499328 1.30702 4.27079
-0.0246364 1.91199 -3.78435
-0.688967 -0.724793 -6.59586
-0.591139 1.18188 2.18213
-0.771492 -0.893399 -2.84028
-0.739753 -1.38429 4.8764
-0.502306 1.39148 5.29458
-0.374763 -1.96457 -4.62333
-0.528964 0.848644 -6.56916
-0.489351 1.48621 4.96094
-0.621138 0.99945 -2.99832
-0.826294 -1.25792 5.35534
-0.163823 1.82442 -1.99192
-0.498256 -1.8535 -3.8881
-0.847442 -1.15991 4.90802
-0.284164 1.74703 -0.181986
0.0251321 1.99984 -4.62074
-0.870182 -1.06051 3.64095
-0.355706 1.7143 0.409977
-0.467281 1.58532 3.26225
-0.560715 1.26417 3.88151
-0.687683 -1.68754 -1.73163
-0.812167 -1.35254 4.81308
-0.781695 -0.74079 -5.73623
-0.584989 -1.82276 -3.82649
-0.810296 -0.823377 -3.69062
-0.121277 1.90961 -3.81062
-0.70307 -1.60687 0.303883
-0.847307 -0.894866 -0.979323
-0.767571 -1.54324 1.24456
-0.617625 0.886436 -5.68651
-0.472998 -1.94326 -4.61315
-0.66579 1.09986 0.955714
-0.899665 -0.964329 2.08275
-0.796708 -1.44267 3.36977
-0.577142 1.33981 5.15404
-0.253599 1.81822 -2.09424
-0.674975 -1.78528 -3.74789
-0.446731 1.6829 0.706268
-0.5934 1.4454 5.02652
-0.0753804 1.99858 -4.6262
-0.638305 1.27121 4.6972
-0.758758 -0.651372 -6.56127
-0.922208 -1.22708 5.261
-0.562813 1.55422 3.26419
-0.943639 -1.1295 5.27254
-0.902301 -1.32216 4.42426
-0.339302 1.80302 -2.06169
-0.699548 1.19448 3.92771
-0.570039 -1.91704 -4.61674
-0.612106 0.790776 -6.58078
-0.216851 1.90256 -3.83218
-0.716703 0.919204 -3.36233
-0.737971 1.02034 -0.00987932
-0.871263 -0.75396 -3.77196
-0.773745 -1.64951 -1.73164
-0.966958 -1.03233 4.56553
-0.881205 -0.827451 -1.82804
-0.42711 1.77777 -1.89443
-0.884349 -1.41383 2.87256
-0.539705 1.65255 0.792543
-0.767394 -1.74806 -3.75367
-0.665639 -1.88598 -4.64103
-0.930691 -0.876236 0.696657
-0.86822 -1.50681 0.761465
-0.851243 -0.66241 -5.70453
-0.175702 1.99227 -4.62645
-0.667077 1.36296 5.31251
-0.703705 0.818455 -5.70612
-0.768375 1.11723 3.19371
-0.310722 1.89 -3.83667
-0.654765 1.53246 2.90415
-0.859445 -1.60518 -1.7049
-1.01754 -1.19729 4.90236
-0.996058 -1.29512 3.73766
-0.992351 -0.9379 3.46587
-0.733124 1.28883 5.30105
-0.518916 1.74936 -1.7928
-0.759558 -1.85015 -4.65485
-1.03855 -1.0988 5.36758
-0.630476 1.62375 0.687132
-0.818077 0.947022 -0.30404
-0.971917 -1.38645 2.15614
-0.403793 1.87077 -3.8136
-0.697907 1.45311 4.17198
-0.820763 -0.571268 -6.56724
-0.948425 -0.788275 -0.937837
-0.856257 -1.70643 -3.76102
-0.275581 1.98092 -4.62281
-0.800568 1.21347 5.09696
-0.688967 0.724793 -6.583
-0.956542 -0.681806 -3.05424
-0.803282 0.845794 -3.33431
-0.839267 1.04322 2.68662
-0.95355 -1.47257 0.293346
-1.05931 -1.00197 5.16423
-0.497396 1.84594 -3.78086
-0.946457 -1.56353 -1.88988
-0.610587 1.71928 -1.78454
-1.01774 -0.844249 2.20458
-0.851559 -1.80965 -4.65628
-0.760844 1.38362 4.75394
-1.09135 -1.26648 2.76693
-0.91936 -0.576133 -5.57116
-0.714215 1.59646 0.462711
-1.11404 -1.16632 4.20331
-0.374763 1.96457 -4.62265
-0.727738 1.52311 2.2782
-1.07078 -1.37107 0.761415
-0.784585 0.744593 -5.66493
-0.868122 1.13748 4.80658
-0.943415 -1.66151 -3.78531
-0.831692 1.31293 5.07596
-1.08208 -0.908506 4.53021
-0.591043 1.81714 -3.76311
-0.900665 0.88016 -0.00557454
-1.1312 -1.06514 5.1096
-0.912581 0.976358 2.59089
-1.02365 -1.44393 -0.180341
-1.03534 -0.74738 0.670182
-0.699185 1.68746 -1.8405
-0.472998 1.94326 -4.6269
-0.781678 1.47415 2.83171
-0.941408 -1.76458 -4.65656
-0.874347 -0.485302 -6.6007
-1.02573 -1.52083 -2.06137
-1.02199 -0.584538 -2.93944
-0.903028 1.23597 5.26692
-0.758758 0.651372 -6.57732
-0.897917 0.766761 -2.86742
-0.932158 1.06543 4.54412
-1.19833 -1.24202 1.19617
-1.02757 -1.61406 -3.82158
-1.14658 -0.969826 5.37083
-0.570039 1.91704 -4.62863
-1.04985 -0.66349 -0.608033
-1.15166 -1.32701 0.221812
-0.788652 1.56095 0.462014
-0.683194 1.78483 -3.76356
-1.11971 -0.809408 3.89902
-0.852479 1.41433 3.2842
-1.2082 -1.12825 3.26572
-0.782958 1.65161 -1.8733
-1.09573 -1.46869 -2.00674
-0.991932 -0.473624 -5.29502
-1.00094 0.918671 3.27942
-1.02888 -1.71505 -4.64862
-0.856112 0.660845 -5.65423
-0.966604 1.15513 5.32582
-0.94024 1.34685 3.53133
-0.973524 0.828238 0.683398
-1.16483 -1.40981 -1.90455
-1.15854 -0.890107 5.16268
-0.986373 1.00691 4.39436
-0.665639 1.88598 -4.62501
-1.22181 -1.02649 4.51202
-1.12132 -0.701366 2.21483
-1.10684 -1.56207 -3.83137
-0.772681 1.74856 -3.76909
-0.861229 1.51275 0.714404
-1.11483 -0.607138 0.399486
-1.23315 -1.34576 -1.80872
-0.918958 -0.394356 -6.56534
-1.10004 -0.509948 -1.68874
-1.28828 -1.18224 0.485648
-0.820763 0.571268 -6.55779
-1.01199 1.25546 4.16699
-0.959734 0.661214 -3.33884
-1.11375 -1.66119 -4.63709
-1.02152 1.07796 5.26869
-0.862996 1.60898 -1.82068
-1.01014 0.747366 -0.0843803
-1.22768 -0.929001 5.23284
-0.939107 1.45966 0.874195
-1.21729 -0.83709 5.31899
-1.30223 -1.2782 -1.7942
-0.759558 1.85015 -4.61881
-1.18226 -1.50444 -3.81138
-1.20664 -0.742931 4.60328
-1.06009 0.829243 2.91266
-1.29631 -1.08791 2.18555
-1.06596 0.998958 5.15551
-0.859208 1.70743 -3.76391
-1.01585 -0.35995 -5.68412
-1.09336 -0.408663 -3.2684
-0.916219 0.57006 -5.67913
-1.2554 -1.44194 -3.78447
-1.06403 1.16341 4.76259
-1.02648 1.33944 2.29272
-1.20185 -0.644578 3.43376
-1.01824 1.41518 0.630438
-1.1939 -0.545912 1.912
-1.10972 0.913366 4.91309
-1.19581 -1.60313 -4.63129
-1.32143 -0.980548 3.47869
-0.942189 1.56058 -1.74314
-0.851559 1.80965 -4.61457
-1.32671 -1.37562 -3.77225
-1.06256 0.656814 -0.343033
-1.37138 -1.21607 -2.00974
-1.35368 -1.14115 -0.190984
-0.954139 -0.299363 -6.52177
-1.30045 -0.873444 4.95828
-1.18417 -0.445687 0.252255
-0.874347 0.485302 -6.54312
-1.10972 0.74266 2.61735
-1.11504 1.08172 5.06262
-1.01768 0.56586 -3.36294
-0.943393 1.66125 -3.74805
-1.29032 -0.783039 5.34185
-1.10934 1.24525 2.84474
-1.07577 1.30717 2.1306
-1.27485 -1.54103 -4.63093
-1.02107 1.51083 -1.75832
-1.28859 -0.689028 5.18682
-1.09443 -0.322265 -4.07582
-1.15898 0.826455 4.71837
-1.39594 -1.30743 -3.79283
-1.16344 0.997833 5.25828
-1.38465 -1.06958 0.448637
-0.941408 1.76458 -4.61408
-1.08765 1.37536 0.31624
-1.28476 -0.588796 4.55624
-1.35067 -1.47503 -4.63156
-1.04268 -0.263577 -5.74522
-1.17405 -0.344789 -1.27932
-0.969868 0.476125 -5.65113
-1.16053 1.16868 3.38317
-1.27679 -0.486489 3.50971
-1.38781 -0.894993 3.2819
-1.42788 -1.15001 -2.02592
-1.09655 1.46147 -1.85536
-1.02575 1.61113 -3.7395
-1.16137 0.65666 2.58845
-1.11921 0.567885 -0.12725
-1.21064 0.910897 5.34883
-1.35691 -0.82038 4.635
-1.43054 -0.984928 0.83797
-1.42307 -1.4053 -4.62882
-1.46054 -1.23725 -3.81557
-1.20781 0.740449 4.61647
-1.14468 1.32295 0.438542
-1.3703 -0.741477 5.05033
-1.21535 1.08636 3.80134
-0.97953 -0.201299 -6.54277
-1.02888 1.71505 -4.61417
-1.2666 -0.384028 2.25454
-0.918958 0.394356 -6.53685
-1.08041 0.463766 -3.0054
-1.37568 -0.640376 5.36592
-1.19987 1.25682 0.80475
-1.14696 -0.236932 -3.18505
-1.10572 1.55825 -3.74926
-1.47765 -1.07346 -1.84649
-1.36989 -0.533359 5.26114
-1.25819 0.823526 5.37443
-1.16587 1.40819 -1.88438
-1.26493 0.99773 4.22363
-1.49188 -1.33202 -4.62362
-1.4339 -0.812815 3.36058
-1.48195 -0.900666 0.910194
-1.21499 0.575711 2.88935
-1.06596 -0.163238 -5.71604
-1.51926 -1.1624 -3.80363
-1.25985 1.1809 1.14332
-1.25958 -0.275221 1.0831
-1.01255 0.37799 -5.639
-1.25618 0.657572 4.63329
-1.36024 -0.427093 4.76269
-1.11375 1.66119 -4.61125
-1.1802 0.489703 0.69367
-1.18213 1.50217 -3.76078
-1.31029 0.908071 4.53874
-1.52859 -0.991318 -1.72799
-1.23058 1.3469 -1.78272
-1.47407 -0.708459 3.72761
-1.30467 0.737132 5.3799
-1.55692 -1.25538 -4.62643
-1.32872 1.09299 1.35474
-1.46427 -0.586578 4.80421
-0.994869 -0.101168 -6.56207
-1.34499 -0.329282 3.95771
-0.954139 0.299363 -6.53955
-1.1557 -0.119488 -3.48131
-1.10565 0.356898 -3.44323
-1.29448 1.27787 -1.63113
-1.57436 -1.0825 -3.77458
-1.23836 -0.172919 -0.340572
-1.15929 0.413586 -1.00948
-1.53025 -0.813994 0.945805
-1.19581 1.60313 -4.60694
-1.45601 -0.475786 5.26799
-1.25467 1.44134 -3.75158
-1.35884 0.819638 4.67332
-1.30364 0.582138 4.76718
-1.36233 0.991588 2.39084
-1.27074 0.5017 3.48367
-1.57896 -0.90715 -1.70492
-1.61803 -1.17557 -4.6386
-1.07721 -0.0581596 -5.7092
-1.36019 1.20382 -1.55659
-1.34617 0.654685 5.36749
-1.33972 -0.256463 3.37429
-1.04701 0.278378 -5.58814
-1.44675 -0.357446 5.36556
-1.30863 -0.205556 2.23679
-1.55877 -0.634808 2.44674
-1.23774 0.417268 1.67086
-1.62705 -0.999252 -3.75915
-1.32426 1.37508 -3.72216
-1.27485 1.54103 -4.60621
-1.58331 -0.732477 0.602031
-1.40877 0.90635 2.67146
-1.40263 0.728328 4.77005
-1.54993 -0.529771 3.63225
-1.24341 -0.0734622 -0.510851
-1.19327 0.341998 -0.626225
-1.41147 1.05584 0.0542876
-1.42787 1.13549 -1.77081
-1 1.22465e-16 -6.57226
-1.16474 -0.0139922 -3.38689
-1.39826 -0.278131 4.66987
-1.67506 -1.09279 -4.64926
-0.97953 0.201299 -6.59036
-1.39205 1.30428 -3.69784
-1.62786 -0.823403 -1.79271
-1.1423 0.267486 -3.08301
-1.35777 0.517047 5.09851
-1.3189 -0.129107 2.27673
-1.54459 -0.423051 4.40595
-1.37655 0.587354 5.31824
-1.35067 1.47503 -4.61028
-1.33052 0.429765 4.24277
-1.67694 -0.914222 -3.76775
-1.47049 0.815741 2.5107
-1.45157 0.989294 0.236352
-1.38918 -0.195791 4.33045
-1.43416 0.636801 4.90212
-1.63441 -0.670998 -0.0841131
-1.0834 0.0481106 -5.59799
-1.45832 1.23161 -3.71429
-1.64627 -0.581536 0.561511
-1.29287 0.328627 2.58628
-1.47241 -0.25292 5.30886
-1.08857 0.168254 -5.2623
-1.72785 -1.00725 -4.65151
-1.42307 1.4053 -4.61484
-1.55196 -0.317744 4.68477
-1.25486 0.0267981 -0.162447
-1.48813 1.07002 -1.99795
-1.67388 -0.743524 -1.98523
-1.22255 0.270108 -0.244835
-1.33115 -0.0338883 2.46543
-1.63 -0.477939 1.99667
-1.5013 0.914713 0.192766
-1.50264 0.707179 3.04735
-1.44094 0.546893 5.21282
-0.994869 0.101168 -6.60908
-1.72328 -0.828692 -3.7982
-1.52122 1.15858 -3.76509
-1.17629 0.0910841 -2.88801
-1.42384 0.455303 5.36113
-1.49188 1.33202 -4.61326
-1.40609 -0.0948232 4.42958
-1.1977 0.190856 -1.70408
-1.39987 0.359577 5.03348
-1.63402 -0.380341 2.5931
-1.77627 -0.91916 -4.64482
-1.71018 -0.662311 -2.04807
-1.4836 -0.155045 5.32254
-1.53954 0.997609 -2.04954
-1.55143 0.856009 -0.238581
-1.56989 0.779122 0.349293
-1.5668 -0.214005 4.73148
-1.53611 0.597223 3.39911
-1.28736 0.222774 1.66734
-1.69924 -0.514946 -0.346596
-1.55692 1.25538 -4.60518
-1.34585 0.0636286 2.93731
-1.37904 0.260103 4.33835
-1.27045 0.126133 0.622317
-1.57869 1.08322 -3.80703
-1.76448 -0.742506 -3.82685
-1.74282 -0.579588 -2.1157
-1.64891 -0.278948 2.74011
-1.42083 0.00198801 4.63349
-1.51645 0.488047 4.55141
-1.7077 -0.437869 0.0368061
-1.5882 0.923871 -2.12864
-1.82021 -0.828751 -4.63411
-1.49659 0.39061 5.16774
-1.60313 0.686672 0.611082
-1.49576 -0.0583695 5.32048
-1.61803 1.17557 -4.6007
-1.57361 -0.11492 4.77415
-1.62873 0.847184 -2.09815
-1.47585 0.292995 5.36012
-1.80029 -0.654834 -3.84306
-1.723 -0.346356 0.209369
-1.63118 1.00468 -3.83293
-1.3625 0.161145 3.61421
-1.67204 -0.164454 2.54845
-1.77126 -0.497288 -2.18833
-1.60944 0.515798 2.23623
-1.43748 0.0982005 4.93632
-1.66397 0.762676 -1.96377
-1.64536 0.599491 0.3874
-1.85955 -0.736249 -4.62487
-1.67506 1.09279 -4.60481
-1.45599 0.195097 5.22791
-1.5907 0.42219 3.43633
-1.5108 0.0357259 5.32222
-1.83146 -0.56583 -3.85413
-1.74746 -0.250558 -0.0198073
-1.67878 0.923408 -3.8452
-1.79114 -0.409905 -2.128
-1.58135 -0.0239754 4.70779
-1.57194 0.32483 4.33765
-1.64333 -0.0738006 3.413
-1.70085 0.674833 -1.95068
-1.7213 0.838519 -3.83759
-1.8942 -0.641887 -4.61654
-1.55132 0.226679 4.93353
-1.72785 1.00725 -4.61356
-1.68619 0.532641 -0.140089
-1.81093 -0.32026 -2.16269
-1.53013 0.130127 5.23542
-1.68089 0.454902 0.691037
-1.85739 -0.475014 -3.85323
-1.80023 -0.151252 -1.2799
-1.72506 -0.0674417 1.1554
-1.76035 0.750192 -3.82844
-1.7358 0.589893 -2.0374
-1.60033 0.0651904 4.3852
-1.66799 0.358152 1.77824
-1.92406 -0.545904 -4.60908
-1.77627 0.91916 -4.62708
-1.6649 0.00182475 2.93402
-1.83106 -0.241914 -2.34135
-1.6487 0.257192 2.85296
-1.87872 -0.382369 -3.84792
-1.62531 0.158433 3.74899
-1.79628 0.660346 -3.83227
-1.82021 0.828751 -4.64163
-1.7588 0.502967 -1.92629
-1.8203 -0.039412 -1.66287
-1.77159 0.397189 -1.557
-1.94905 -0.448542 -4.60212
-1.89583 -0.290386 -3.8441
-1.90164 -0.197094 -3.75772
-1.74957 0.0226779 0.450074
-1.68968 0.0881838 2.19055
-1.85955 0.736249 -4.64752
-1.74383 0.291794 -0.107561
-1.90449 -0.0976657 -3.68429
-1.82676 0.569145 -3.82119
-1.7318 0.182235 0.717816
-1.96913 -0.350046 -4.5904
-1.85114 0.473882 -3.78371
-1.8942 0.641887 -4.64632
-1.83113 0.0547042 -1.96305
-1.98423 -0.250666 -4.58997
-1.91108 0.00283147 -3.73976
-1.82187 0.318763 -2.42099
-1.76605 0.0984244 -0.127822
-1.99432 -0.150654 -4.60704
-1.87651 0.379487 -3.82519
-1.82125 0.236798 -2.10265
-1.92406 0.545904 -4.64791
-1.99937 -0.0502602 -4.60814
-1.82795 0.144441 -2.01545
-1.91163 0.0996192 -3.78921
-1.94905 0.448542 -4.63697
-1.89644 0.288463 -3.8622
-1.99937 0.0502602 -4.59561
-1.90594 0.195079 -3.8236
-1.96913 0.350046 -4.61002
-1.99432 0.150654 -4.59381
-1.98423 0.250666 -4.5966
