0.500059 0.499959 0
0.424313 0.632573 0
0.29171 0.708337 0
0.500073 0.779839 0
0.500134 1.5496e-30 0
0.424254 0.118565 0
0.291688 2.62214e-29 0
0.500046 3.46886e-29 0
0.118521 0.424356 0
0 0.500086 0
0 0.291769 0
0 0.50009 0
1 0.500088 0
0.881436 0.424275 0
1 0.291788 0
1 0.500111 0
0.500033 1 0
0.632572 0.881453 0
0.708435 1 0
0.779839 1 0
0.49997 0.500065 0
0.632564 0.424342 0
0.708412 0.291819 0
0.779875 0.500114 0
0.36726 0.423328 0
0.291667 0.291755 0
0.220236 0.500069 0
0.423334 0.367258 0
0.291748 0.291689 0
0.500085 0.220252 0
0.119422 0.42332 0
0 0.291743 0
0 0.500074 0
0.367254 0.880581 0
0.291777 1 0
0.220324 1 0
0.880574 0.423345 0
1 0.291793 0
1 0.500137 0
0.423363 0.119431 0
0.291801 -2.31324e-29 0
0.50012 -3.15947e-29 0
0.26373 0.140683 0
0.354415 0.143821 0
0.139722 0.262887 0
0.144041 0.354447 0
0.858639 0.775245 0
1 0.70846 0
0.855547 0.612582 0
0.85873 0.645986 0
0.775229 0.354023 0
0.708405 0.291741 0
0.612582 0.396278 0
0.645998 0.225258 0
0.354039 0.858633 0
0.291713 1 0
0.396272 0.855559 0
0.22524 0.858733 0
0 0.708408 0
0.141387 0.775225 0
0.14444 0.612574 0
0.141256 0.645968 0
0.123036 0.623472 0
0 0.708414 0
0 0.646095 0
0.623519 0.123074 0
0.708444 -2.31341e-29 0
0.646109 -4.18197e-29 0
0.5 0 0
0.464199 0.114458 0
0.35407 0.134065 0
0.35412 -4.18203e-29 0
0.499992 0.224719 0
0.316292 0.316285 0
0.198099 0.198063 0
0.1558 0.260287 0
0.316289 0.316298 0
0.198088 0.198113 0
0.259137 0.155346 0
0.224723 0.22472 0
0.50005 0.220379 0
0 0.220353 0
0 0.134063 0
0.220235 1.54221e-30 0
0.133964 1.88395e-29 0
0.349788 0.259104 0
0.708452 1 0
0.774972 0.858744 0
0.866196 1 0
1 0.70842 0
0.85873 0.645983 0
1 0.646097 0
1 0.646139 0
0 0.646068 0
0.646085 0.134075 0
0.134019 1 0
0.708428 0.708311 0
0.646 0.774815 0
0.646117 0.866029 0
0.779824 0.500022 0
0.866065 0.354065 0
0 0.779811 0
0 0.866096 0
1 0.779868 0
1 0.866187 0
0.500092 1 0
0.354104 1 0
0.683709 0.316278 0
0.801916 0.198061 0
0.683714 0.683707 0
0.801922 0.80191 0
0.316281 0.6837 0
0.198069 0.801885 0
0.316283 0.683716 0
0.198069 0.801932 0
0.35403 4.49054e-29 0
0 0.354074 0
0.646057 0.134109 0
0.634495 0.503828 0
0.683718 0.683719 0
0.647862 0.634498 0
0.503825 0.647865 0
0.683703 0.316281 0
0.650348 0.260254 0
0.224722 0.499999 0
0.260247 0.650373 0
0.836163 0.357418 0
0.801894 0.198062 0
0.337586 0.515903 0
0.352136 0.634504 0
0.259108 0.34977 0
0.844678 0.259113 0
0.489021 0.633185 0
0.353689 0.508914 0
0.633188 0.33647 0
0.508921 0.353695 0
0.220327 0.500007 0
0.134067 0.354031 0
0.134086 -1.57591e-29 0
1 0.220362 0
1 0.134095 0
0.349759 0.844629 0
0.50012 1 0
0.35415 1 0
0.650359 0.844255 0
0.646114 1 0
0.844278 0.26018 0
1 0.13408 0
0 0.134016 0
0.133948 0.645998 0
0.5 0.5 0
0.499998 0.224717 0
0.224714 0.499996 0
0.612589 0.144445 0
0.144391 0.617052 0
0.775277 0.499996 0
0.224719 0.775279 0
0.775281 0.775281 0
0.499999 0.775278 0
0.838601 0.161555 0
1 0.838662 0
0 0.838608 0
0.161471 1 0
0 0.161525 0
0.838638 1 0
0.838644 0.838555 0
0.161478 4.16521e-29 0
1 0.838645 0
0.775279 0.224716 0
0.617046 0.144363 0
0.385408 0.385404 0
0.515887 0.337589 0
0.474442 0.249993 0
0.499995 0.775275 0
0.396272 0.612581 0
0.775277 0.499989 0
0.646308 0.508925 0
0.249996 0.474441 0
0.801939 0.801936 0
0.500004 0.474441 0
0.598665 0.61705 0
1 1 0
1 1 0
0.866173 1 0
1 1 0
1 0.866129 0
1 0.25 0
1 0.5 0
1 0.354121 0
1 0.75 0
0.866164 0.645998 0
0.5 1 0
0.25 1 0
0.354036 0.866059 0
1 0.25 0
1 0.5 0
0.866159 0.354104 0
1 0.354145 0
0 1 0
0 1 0
0 0.866147 0
0 0.75 0
0 0.5 0
0.75 1 0
0.646095 1 0
0.5 1 0
0.25 1 0
0.354041 0.86607 0
1 0 0
1 0 0
0.866154 -1.5749e-29 0
0.133985 0.35409 0
0 0.5 0
0 0.25 0
0 1 0
0.134058 1 0
0.25 0 0
0.5 0 0
0.354097 0.134009 0
0.75 1 0
0.646017 0.866148 0
0 0 0
0 0 0
0.133996 0.646054 0
0 0.75 0
0.75 0 0
0.646045 4.49139e-29 0
0 0.25 0
0 0.354086 0
1 0 0
0.866113 1.88441e-29 0
1 0.75 0
0.866085 0.646129 0
0.25 0 0
0 0 0
0.75 0 0
0.617047 0.598667 0
0.855636 0.617044 0
0.598675 0.855643 0
0.47443 0.500005 0
0.499997 0.750006 0
0.750004 0.474429 0
0.838657 -3.85587e-29 0
0 0.838628 0
0.838581 0.161577 0
1 0.161558 0
0.161603 -3.85551e-29 0
0.161587 1 0
0.161563 0.161502 0
0.16146 0.161547 0
1 0.161544 0
0 0.161597 0
0.838641 1 0
0.16152 0.838584 0
0.8386 0.838593 0
0.838622 4.16505e-29 0
0.161487 0.838571 0
0.708365 0.708393 0
0.291681 0.708379 0
0.708425 2.6229e-29 0
1 1 0
1 1 0
0 1 0
1 0 0
1 0 0
0 0 0
0 1 0
0 0 0
0.50002 0.779784 0
0.779883 1.54772e-30 0
